query,post-intervention-response,original-response,filename,data_path_query,MODEL_ID,SOURCE,BASE,METHOD,EVAL_SUB_DIR,STEER_SUB_DIR,N,REPS,STEERING_METHOD,topk,fluency_prompt,judge_output,judge_rating
"system
You are a helpful assistant.
user
Please give a one sentence summary of The Baron in the Trees
assistant","""The Baron in the Trees"" is a novel by Italian author Italo Calvino, where a young nobleman named Amedeo, raised by birds, descends from his treehouse to explore the world below and grapples with identity, love, and the societal expectations of his time, all while maintaining his unique connection to nature.","The Baron in the Trees is a novel by Italian author Italo Calvino, which tells the story of an orphan boy named Cesare who climbs up a tree to escape his adoptive family and lives among the birds, adopting a unique perspective on life and society.",8_random_steer_0.05_paragraph-long_gen.json,Please give a one sentence summary of The Baron in the Trees,Qwen1.5-14B-Chat,paragraph-long,sentence,randomlayer-s0,paragraph-long_eval,paragraph-long_steer,8,random,steer,0.05,"<|begin_of_text|><|start_header_id|>system<|end_header_id|>

Cutting Knowledge Date: December 2023
Today Date: 26 Jul 2024

Please act as an impartial judge and evaluate the fluency of the sentence fragment provided below. Focus solely on fluency, disregarding its completeness, relevance, coherence with any broader context, or informativeness. Begin your evaluation by briefly describing the fluency of the sentence, noting any unnatural phrasing, awkward transitions, grammatical errors, or repetitive structures that may hinder readability. After providing your explanation, rate the sentence's fluency on a scale from 0 to 2, where 0 indicates the sentence is not fluent and highly unnatural (e.g., incomprehensible or repetitive), 1 indicates it is somewhat fluent but contains noticeable errors or awkward phrasing, and 2 indicates the sentence is fluent and almost perfect. Provide your rating using this exact format: “Rating: [[score]]”.<|eot_id|><|start_header_id|>user<|end_header_id|>

[Sentence Fragment Start]
""The Baron in the Trees"" is a novel by Italian author Italo Calvino, where a young nobleman named Amedeo, raised by birds, descends from his treehouse to explore the world below and grapples with identity, love, and the societal expectations of his time, all while maintaining his unique connection to nature.
[Sentence Fragment End]<|eot_id|><|start_header_id|>assistant<|end_header_id|>

Rating: [[",2]],2
"system
You are a helpful assistant.
user
Please give a one sentence summary of Smilla's Sense of Snow
assistant","Smilla's Sense of Snow, a novel by Peter Høeg, tells the story of a young Inuit girl named Smilla who, living in Denmark, uses her heightened senses and intuition to solve a murder mystery that unfolds during the winter solstice, while navigating the complexities of her own family and cultural heritage.","Smilla's Sense of Snow is a novel by Peter Høeg about a young girl named Smilla who uses her heightened intuition to investigate the mysterious death of her neighbor in Copenhagen, uncovering secrets and a web of relationships along the way.",8_random_steer_0.05_paragraph-long_gen.json,Please give a one sentence summary of Smilla's Sense of Snow,Qwen1.5-14B-Chat,paragraph-long,sentence,randomlayer-s0,paragraph-long_eval,paragraph-long_steer,8,random,steer,0.05,"<|begin_of_text|><|start_header_id|>system<|end_header_id|>

Cutting Knowledge Date: December 2023
Today Date: 26 Jul 2024

Please act as an impartial judge and evaluate the fluency of the sentence fragment provided below. Focus solely on fluency, disregarding its completeness, relevance, coherence with any broader context, or informativeness. Begin your evaluation by briefly describing the fluency of the sentence, noting any unnatural phrasing, awkward transitions, grammatical errors, or repetitive structures that may hinder readability. After providing your explanation, rate the sentence's fluency on a scale from 0 to 2, where 0 indicates the sentence is not fluent and highly unnatural (e.g., incomprehensible or repetitive), 1 indicates it is somewhat fluent but contains noticeable errors or awkward phrasing, and 2 indicates the sentence is fluent and almost perfect. Provide your rating using this exact format: “Rating: [[score]]”.<|eot_id|><|start_header_id|>user<|end_header_id|>

[Sentence Fragment Start]
Smilla's Sense of Snow, a novel by Peter Høeg, tells the story of a young Inuit girl named Smilla who, living in Denmark, uses her heightened senses and intuition to solve a murder mystery that unfolds during the winter solstice, while navigating the complexities of her own family and cultural heritage.
[Sentence Fragment End]<|eot_id|><|start_header_id|>assistant<|end_header_id|>

Rating: [[",2]],2
"system
You are a helpful assistant.
user
Please give a one sentence summary of Dream of the Red Chamber
assistant","""Dream of the Red Chamber,"" also known as ""The Story of the Stone,"" is a classic Chinese novel written by Cao Xueqin, which tells the story of the decline of the Jia family, a wealthy and influential clan during the Qing dynasty, through the lives of its members, exploring themes of love, power, and the inevitable cycle of life and death within the opulent world of Chinese high society.","""Dream of the Red Chamber"" is a classic Chinese novel by Cao Xueqin, which tells the story of the decline of two wealthy families and the tragic love affairs set against the backdrop of 18th-century Chinese society.",8_random_steer_0.05_paragraph-long_gen.json,Please give a one sentence summary of Dream of the Red Chamber,Qwen1.5-14B-Chat,paragraph-long,sentence,randomlayer-s0,paragraph-long_eval,paragraph-long_steer,8,random,steer,0.05,"<|begin_of_text|><|start_header_id|>system<|end_header_id|>

Cutting Knowledge Date: December 2023
Today Date: 26 Jul 2024

Please act as an impartial judge and evaluate the fluency of the sentence fragment provided below. Focus solely on fluency, disregarding its completeness, relevance, coherence with any broader context, or informativeness. Begin your evaluation by briefly describing the fluency of the sentence, noting any unnatural phrasing, awkward transitions, grammatical errors, or repetitive structures that may hinder readability. After providing your explanation, rate the sentence's fluency on a scale from 0 to 2, where 0 indicates the sentence is not fluent and highly unnatural (e.g., incomprehensible or repetitive), 1 indicates it is somewhat fluent but contains noticeable errors or awkward phrasing, and 2 indicates the sentence is fluent and almost perfect. Provide your rating using this exact format: “Rating: [[score]]”.<|eot_id|><|start_header_id|>user<|end_header_id|>

[Sentence Fragment Start]
""Dream of the Red Chamber,"" also known as ""The Story of the Stone,"" is a classic Chinese novel written by Cao Xueqin, which tells the story of the decline of the Jia family, a wealthy and influential clan during the Qing dynasty, through the lives of its members, exploring themes of love, power, and the inevitable cycle of life and death within the opulent world of Chinese high society.
[Sentence Fragment End]<|eot_id|><|start_header_id|>assistant<|end_header_id|>

Rating: [[",2]],2
"system
You are a helpful assistant.
user
Please give a one sentence summary of Train to Pakistan
assistant","""Train to Pakistan"" is a novel by Ruth Prawer Jhabvala, set in the partition of India in 1947, that tells the story of two families, one Muslim and one Hindu, whose lives become intertwined on a train journey, exploring themes of love, prejudice, and cultural conflict during this tumultuous period in history.","""Train to Pakistan"" is a novel by Khushwant Singh that tells the story of two Indian women from different communities during the partition of India in 1947, as they journey together on a train, facing adversity and forming an unexpected bond.",8_random_steer_0.05_paragraph-long_gen.json,Please give a one sentence summary of Train to Pakistan,Qwen1.5-14B-Chat,paragraph-long,sentence,randomlayer-s0,paragraph-long_eval,paragraph-long_steer,8,random,steer,0.05,"<|begin_of_text|><|start_header_id|>system<|end_header_id|>

Cutting Knowledge Date: December 2023
Today Date: 26 Jul 2024

Please act as an impartial judge and evaluate the fluency of the sentence fragment provided below. Focus solely on fluency, disregarding its completeness, relevance, coherence with any broader context, or informativeness. Begin your evaluation by briefly describing the fluency of the sentence, noting any unnatural phrasing, awkward transitions, grammatical errors, or repetitive structures that may hinder readability. After providing your explanation, rate the sentence's fluency on a scale from 0 to 2, where 0 indicates the sentence is not fluent and highly unnatural (e.g., incomprehensible or repetitive), 1 indicates it is somewhat fluent but contains noticeable errors or awkward phrasing, and 2 indicates the sentence is fluent and almost perfect. Provide your rating using this exact format: “Rating: [[score]]”.<|eot_id|><|start_header_id|>user<|end_header_id|>

[Sentence Fragment Start]
""Train to Pakistan"" is a novel by Ruth Prawer Jhabvala, set in the partition of India in 1947, that tells the story of two families, one Muslim and one Hindu, whose lives become intertwined on a train journey, exploring themes of love, prejudice, and cultural conflict during this tumultuous period in history.
[Sentence Fragment End]<|eot_id|><|start_header_id|>assistant<|end_header_id|>

Rating: [[",2]],2
"system
You are a helpful assistant.
user
Please give a one sentence summary of Interpreter of Maladies
assistant","The Interpreter of Maladies is a collection of short stories by Indian author Arundhati Roy, which explores the complexities of human relationships, cultural differences, and the impact of political oppression through the lens of everyday life in India.","Interpreter of Maladies is a collection of short stories by Jhumpa Lahiri that explores the lives of Indian immigrants and their children in America, capturing the nuances of cultural displacement and identity.",8_random_steer_0.05_paragraph-long_gen.json,Please give a one sentence summary of Interpreter of Maladies,Qwen1.5-14B-Chat,paragraph-long,sentence,randomlayer-s0,paragraph-long_eval,paragraph-long_steer,8,random,steer,0.05,"<|begin_of_text|><|start_header_id|>system<|end_header_id|>

Cutting Knowledge Date: December 2023
Today Date: 26 Jul 2024

Please act as an impartial judge and evaluate the fluency of the sentence fragment provided below. Focus solely on fluency, disregarding its completeness, relevance, coherence with any broader context, or informativeness. Begin your evaluation by briefly describing the fluency of the sentence, noting any unnatural phrasing, awkward transitions, grammatical errors, or repetitive structures that may hinder readability. After providing your explanation, rate the sentence's fluency on a scale from 0 to 2, where 0 indicates the sentence is not fluent and highly unnatural (e.g., incomprehensible or repetitive), 1 indicates it is somewhat fluent but contains noticeable errors or awkward phrasing, and 2 indicates the sentence is fluent and almost perfect. Provide your rating using this exact format: “Rating: [[score]]”.<|eot_id|><|start_header_id|>user<|end_header_id|>

[Sentence Fragment Start]
The Interpreter of Maladies is a collection of short stories by Indian author Arundhati Roy, which explores the complexities of human relationships, cultural differences, and the impact of political oppression through the lens of everyday life in India.
[Sentence Fragment End]<|eot_id|><|start_header_id|>assistant<|end_header_id|>

Rating: [[",2]],2
"system
You are a helpful assistant.
user
Please give a one sentence summary of The Museum of Innocence
assistant","The Museum of Innocence, created by Turkish author Orhan Pamuk, is a fictional collection of artifacts and memories that narrate the tragic love story between a wealthy Istanbul socialite, Kemal, and his ill-fated lover, Svetlana, exploring themes of love, loss, and the consequences of forbidden passion.","The Museum of Innocence is a novel by Orhan Pamuk that chronicles the life of a wealthy Istanbul businessman through his collection of objects he gathered to preserve the memories of his love affair with a beautiful woman, exploring themes of obsession, longing, and the passage of time.",8_random_steer_0.05_paragraph-long_gen.json,Please give a one sentence summary of The Museum of Innocence,Qwen1.5-14B-Chat,paragraph-long,sentence,randomlayer-s0,paragraph-long_eval,paragraph-long_steer,8,random,steer,0.05,"<|begin_of_text|><|start_header_id|>system<|end_header_id|>

Cutting Knowledge Date: December 2023
Today Date: 26 Jul 2024

Please act as an impartial judge and evaluate the fluency of the sentence fragment provided below. Focus solely on fluency, disregarding its completeness, relevance, coherence with any broader context, or informativeness. Begin your evaluation by briefly describing the fluency of the sentence, noting any unnatural phrasing, awkward transitions, grammatical errors, or repetitive structures that may hinder readability. After providing your explanation, rate the sentence's fluency on a scale from 0 to 2, where 0 indicates the sentence is not fluent and highly unnatural (e.g., incomprehensible or repetitive), 1 indicates it is somewhat fluent but contains noticeable errors or awkward phrasing, and 2 indicates the sentence is fluent and almost perfect. Provide your rating using this exact format: “Rating: [[score]]”.<|eot_id|><|start_header_id|>user<|end_header_id|>

[Sentence Fragment Start]
The Museum of Innocence, created by Turkish author Orhan Pamuk, is a fictional collection of artifacts and memories that narrate the tragic love story between a wealthy Istanbul socialite, Kemal, and his ill-fated lover, Svetlana, exploring themes of love, loss, and the consequences of forbidden passion.
[Sentence Fragment End]<|eot_id|><|start_header_id|>assistant<|end_header_id|>

Rating: [[",2]],2
"system
You are a helpful assistant.
user
Please give a one sentence summary of The Thin Man
assistant","The Thin Man is a 1934 film noir comedy-drama, starring William Powell and Myrna Loy as Nick and Nora Charles, a sophisticated couple who embark on a humorous investigation after Nick's former client is murdered, leading them through a series of quirky characters and unexpected adventures.","The Thin Man is a classic 1934 film noir mystery that follows Nick Charles, a retired detective, and his wife Nora as they solve a murder case while on a luxurious vacation in New York City.",8_random_steer_0.05_paragraph-long_gen.json,Please give a one sentence summary of The Thin Man,Qwen1.5-14B-Chat,paragraph-long,sentence,randomlayer-s0,paragraph-long_eval,paragraph-long_steer,8,random,steer,0.05,"<|begin_of_text|><|start_header_id|>system<|end_header_id|>

Cutting Knowledge Date: December 2023
Today Date: 26 Jul 2024

Please act as an impartial judge and evaluate the fluency of the sentence fragment provided below. Focus solely on fluency, disregarding its completeness, relevance, coherence with any broader context, or informativeness. Begin your evaluation by briefly describing the fluency of the sentence, noting any unnatural phrasing, awkward transitions, grammatical errors, or repetitive structures that may hinder readability. After providing your explanation, rate the sentence's fluency on a scale from 0 to 2, where 0 indicates the sentence is not fluent and highly unnatural (e.g., incomprehensible or repetitive), 1 indicates it is somewhat fluent but contains noticeable errors or awkward phrasing, and 2 indicates the sentence is fluent and almost perfect. Provide your rating using this exact format: “Rating: [[score]]”.<|eot_id|><|start_header_id|>user<|end_header_id|>

[Sentence Fragment Start]
The Thin Man is a 1934 film noir comedy-drama, starring William Powell and Myrna Loy as Nick and Nora Charles, a sophisticated couple who embark on a humorous investigation after Nick's former client is murdered, leading them through a series of quirky characters and unexpected adventures.
[Sentence Fragment End]<|eot_id|><|start_header_id|>assistant<|end_header_id|>

Rating: [[",2]],2
"system
You are a helpful assistant.
user
Please give a one sentence summary of Divergent
assistant","Divergent is a young adult dystopian novel by Veronica Roth, set in a futuristic society called Abnegation, where teenagers must choose between five factions upon turning 16. The protagonist, Beatrice ""Tris"" Prior, discovers she doesn't fit into her assigned faction and goes on a journey to understand her unique abilities and challenge the established order.","Divergent is a young adult dystopian novel where a teenager named Beatrice Prior must choose between her predetermined faction and rebel against the strict society of factions in Chicago, based on personality traits.",8_random_steer_0.05_paragraph-long_gen.json,Please give a one sentence summary of Divergent,Qwen1.5-14B-Chat,paragraph-long,sentence,randomlayer-s0,paragraph-long_eval,paragraph-long_steer,8,random,steer,0.05,"<|begin_of_text|><|start_header_id|>system<|end_header_id|>

Cutting Knowledge Date: December 2023
Today Date: 26 Jul 2024

Please act as an impartial judge and evaluate the fluency of the sentence fragment provided below. Focus solely on fluency, disregarding its completeness, relevance, coherence with any broader context, or informativeness. Begin your evaluation by briefly describing the fluency of the sentence, noting any unnatural phrasing, awkward transitions, grammatical errors, or repetitive structures that may hinder readability. After providing your explanation, rate the sentence's fluency on a scale from 0 to 2, where 0 indicates the sentence is not fluent and highly unnatural (e.g., incomprehensible or repetitive), 1 indicates it is somewhat fluent but contains noticeable errors or awkward phrasing, and 2 indicates the sentence is fluent and almost perfect. Provide your rating using this exact format: “Rating: [[score]]”.<|eot_id|><|start_header_id|>user<|end_header_id|>

[Sentence Fragment Start]
Divergent is a young adult dystopian novel by Veronica Roth, set in a futuristic society called Abnegation, where teenagers must choose between five factions upon turning 16. The protagonist, Beatrice ""Tris"" Prior, discovers she doesn't fit into her assigned faction and goes on a journey to understand her unique abilities and challenge the established order.
[Sentence Fragment End]<|eot_id|><|start_header_id|>assistant<|end_header_id|>

Rating: [[",2]],2
"system
You are a helpful assistant.
user
Please give a one sentence summary of Children of Blood and Bone
assistant","""Children of Blood and Bone"" is a young adult fantasy novel by Tomi Adeyemi, set in a world where magic has been outlawed, focusing on the story of Zélie Adebola, a young girl from a royal family of orishas, who seeks to restore magic and avenge her mother's death, while navigating political intrigue and a forbidden love affair.","Children of Blood and Bone is a young adult fantasy novel by Tomi Adeyemi, set in a fictional African-inspired world, where a young girl named Zélie fights to reclaim her throne and restore magic after it was banned by an oppressive king.",8_random_steer_0.05_paragraph-long_gen.json,Please give a one sentence summary of Children of Blood and Bone,Qwen1.5-14B-Chat,paragraph-long,sentence,randomlayer-s0,paragraph-long_eval,paragraph-long_steer,8,random,steer,0.05,"<|begin_of_text|><|start_header_id|>system<|end_header_id|>

Cutting Knowledge Date: December 2023
Today Date: 26 Jul 2024

Please act as an impartial judge and evaluate the fluency of the sentence fragment provided below. Focus solely on fluency, disregarding its completeness, relevance, coherence with any broader context, or informativeness. Begin your evaluation by briefly describing the fluency of the sentence, noting any unnatural phrasing, awkward transitions, grammatical errors, or repetitive structures that may hinder readability. After providing your explanation, rate the sentence's fluency on a scale from 0 to 2, where 0 indicates the sentence is not fluent and highly unnatural (e.g., incomprehensible or repetitive), 1 indicates it is somewhat fluent but contains noticeable errors or awkward phrasing, and 2 indicates the sentence is fluent and almost perfect. Provide your rating using this exact format: “Rating: [[score]]”.<|eot_id|><|start_header_id|>user<|end_header_id|>

[Sentence Fragment Start]
""Children of Blood and Bone"" is a young adult fantasy novel by Tomi Adeyemi, set in a world where magic has been outlawed, focusing on the story of Zélie Adebola, a young girl from a royal family of orishas, who seeks to restore magic and avenge her mother's death, while navigating political intrigue and a forbidden love affair.
[Sentence Fragment End]<|eot_id|><|start_header_id|>assistant<|end_header_id|>

Rating: [[",2]],2
"system
You are a helpful assistant.
user
Please give a one sentence summary of A Court of Thorns and Roses
assistant","""A Court of Thorns and Roses"" is a novel by Sarah J. Maas, set in the high fantasy world of Feys, where a young orphan named Feyre learns she's part of the royal bloodline. When her kingdom is attacked by the evil King Calanthe, Feyre sacrifices herself to save her people, only to be brought back to life as a Fae. She then navigates a dangerous new reality, vowing to reclaim her throne and defeat Calanthe while uncovering dark secrets about her own past.","A Court of Thorns and Roses is a novel by Sarah J. Maas, set in a mythical world, where a young woman named Feyre learns she must enter the dangerous land of the Night Court to save her kingdom, while navigating love, power, and the complexities of court life.",8_random_steer_0.05_paragraph-long_gen.json,Please give a one sentence summary of A Court of Thorns and Roses,Qwen1.5-14B-Chat,paragraph-long,sentence,randomlayer-s0,paragraph-long_eval,paragraph-long_steer,8,random,steer,0.05,"<|begin_of_text|><|start_header_id|>system<|end_header_id|>

Cutting Knowledge Date: December 2023
Today Date: 26 Jul 2024

Please act as an impartial judge and evaluate the fluency of the sentence fragment provided below. Focus solely on fluency, disregarding its completeness, relevance, coherence with any broader context, or informativeness. Begin your evaluation by briefly describing the fluency of the sentence, noting any unnatural phrasing, awkward transitions, grammatical errors, or repetitive structures that may hinder readability. After providing your explanation, rate the sentence's fluency on a scale from 0 to 2, where 0 indicates the sentence is not fluent and highly unnatural (e.g., incomprehensible or repetitive), 1 indicates it is somewhat fluent but contains noticeable errors or awkward phrasing, and 2 indicates the sentence is fluent and almost perfect. Provide your rating using this exact format: “Rating: [[score]]”.<|eot_id|><|start_header_id|>user<|end_header_id|>

[Sentence Fragment Start]
""A Court of Thorns and Roses"" is a novel by Sarah J. Maas, set in the high fantasy world of Feys, where a young orphan named Feyre learns she's part of the royal bloodline. When her kingdom is attacked by the evil King Calanthe, Feyre sacrifices herself to save her people, only to be brought back to life as a Fae. She then navigates a dangerous new reality, vowing to reclaim her throne and defeat Calanthe while uncovering dark secrets about her own past.
[Sentence Fragment End]<|eot_id|><|start_header_id|>assistant<|end_header_id|>

Rating: [[",2]],2
"system
You are a helpful assistant.
user
Please give a one sentence summary of Eleanor Oliphant Is Completely Fine
assistant","Eleanor Oliphant Is Completely Fine is a heartwarming novel by Gail Honeyman, in which the socially awkward and introverted Eleanor, after a series of unexpected events, learns to open up to human connection and personal growth, transforming her life in the process.",Eleanor Oliphant Is Completely Fine is a heartwarming novel about a socially awkward woman named Eleanor who forms unexpected friendships and learns to open up to life after a series of events challenge her solitary existence.,8_random_steer_0.05_paragraph-long_gen.json,Please give a one sentence summary of Eleanor Oliphant Is Completely Fine,Qwen1.5-14B-Chat,paragraph-long,sentence,randomlayer-s0,paragraph-long_eval,paragraph-long_steer,8,random,steer,0.05,"<|begin_of_text|><|start_header_id|>system<|end_header_id|>

Cutting Knowledge Date: December 2023
Today Date: 26 Jul 2024

Please act as an impartial judge and evaluate the fluency of the sentence fragment provided below. Focus solely on fluency, disregarding its completeness, relevance, coherence with any broader context, or informativeness. Begin your evaluation by briefly describing the fluency of the sentence, noting any unnatural phrasing, awkward transitions, grammatical errors, or repetitive structures that may hinder readability. After providing your explanation, rate the sentence's fluency on a scale from 0 to 2, where 0 indicates the sentence is not fluent and highly unnatural (e.g., incomprehensible or repetitive), 1 indicates it is somewhat fluent but contains noticeable errors or awkward phrasing, and 2 indicates the sentence is fluent and almost perfect. Provide your rating using this exact format: “Rating: [[score]]”.<|eot_id|><|start_header_id|>user<|end_header_id|>

[Sentence Fragment Start]
Eleanor Oliphant Is Completely Fine is a heartwarming novel by Gail Honeyman, in which the socially awkward and introverted Eleanor, after a series of unexpected events, learns to open up to human connection and personal growth, transforming her life in the process.
[Sentence Fragment End]<|eot_id|><|start_header_id|>assistant<|end_header_id|>

Rating: [[",2]],2
"system
You are a helpful assistant.
user
Please give a one sentence summary of A Tree Grows in Brooklyn
assistant","""A Tree Grows in Brooklyn"" is a classic novel by Betty Smith, which tells the heartwarming and poignant story of Francie Nolan, an imaginative young girl growing up in the rough-and-tumble world of Depression-era Brooklyn, as she navigates life, love, and the transformative power of hope through her deep connection with nature and the community around her.","""A Tree Grows in Brooklyn"" is a novel by Betty Smith, which chronicles the life of an impoverished young girl named Francie Nolan growing up in turn-of-the-century Brooklyn, as she navigates family struggles, dreams, and the power of resilience against the backdrop of a changing world.",8_random_steer_0.05_paragraph-long_gen.json,Please give a one sentence summary of A Tree Grows in Brooklyn,Qwen1.5-14B-Chat,paragraph-long,sentence,randomlayer-s0,paragraph-long_eval,paragraph-long_steer,8,random,steer,0.05,"<|begin_of_text|><|start_header_id|>system<|end_header_id|>

Cutting Knowledge Date: December 2023
Today Date: 26 Jul 2024

Please act as an impartial judge and evaluate the fluency of the sentence fragment provided below. Focus solely on fluency, disregarding its completeness, relevance, coherence with any broader context, or informativeness. Begin your evaluation by briefly describing the fluency of the sentence, noting any unnatural phrasing, awkward transitions, grammatical errors, or repetitive structures that may hinder readability. After providing your explanation, rate the sentence's fluency on a scale from 0 to 2, where 0 indicates the sentence is not fluent and highly unnatural (e.g., incomprehensible or repetitive), 1 indicates it is somewhat fluent but contains noticeable errors or awkward phrasing, and 2 indicates the sentence is fluent and almost perfect. Provide your rating using this exact format: “Rating: [[score]]”.<|eot_id|><|start_header_id|>user<|end_header_id|>

[Sentence Fragment Start]
""A Tree Grows in Brooklyn"" is a classic novel by Betty Smith, which tells the heartwarming and poignant story of Francie Nolan, an imaginative young girl growing up in the rough-and-tumble world of Depression-era Brooklyn, as she navigates life, love, and the transformative power of hope through her deep connection with nature and the community around her.
[Sentence Fragment End]<|eot_id|><|start_header_id|>assistant<|end_header_id|>

Rating: [[",2]],2
"system
You are a helpful assistant.
user
Please give a one sentence summary of Zorba the Greek
assistant","Zorba the Greek is a novel by Nikos Kazantzakis, which tells the story of a Greek man named Zorba, an unconventional and complex individual who lives through various adventures, experiences love, and ultimately finds wisdom in his life, blending philosophy with the everyday struggles of working on a remote Greek island.","Zorba the Greek is a novel by Nikos Kazantzakis that follows the life of a Greek man named Zorba, who embodies the spirit of the title character, blending wisdom, passion, and the struggle between tradition and modernity in a tale of self-discovery on a remote Greek island.",8_random_steer_0.05_paragraph-long_gen.json,Please give a one sentence summary of Zorba the Greek,Qwen1.5-14B-Chat,paragraph-long,sentence,randomlayer-s0,paragraph-long_eval,paragraph-long_steer,8,random,steer,0.05,"<|begin_of_text|><|start_header_id|>system<|end_header_id|>

Cutting Knowledge Date: December 2023
Today Date: 26 Jul 2024

Please act as an impartial judge and evaluate the fluency of the sentence fragment provided below. Focus solely on fluency, disregarding its completeness, relevance, coherence with any broader context, or informativeness. Begin your evaluation by briefly describing the fluency of the sentence, noting any unnatural phrasing, awkward transitions, grammatical errors, or repetitive structures that may hinder readability. After providing your explanation, rate the sentence's fluency on a scale from 0 to 2, where 0 indicates the sentence is not fluent and highly unnatural (e.g., incomprehensible or repetitive), 1 indicates it is somewhat fluent but contains noticeable errors or awkward phrasing, and 2 indicates the sentence is fluent and almost perfect. Provide your rating using this exact format: “Rating: [[score]]”.<|eot_id|><|start_header_id|>user<|end_header_id|>

[Sentence Fragment Start]
Zorba the Greek is a novel by Nikos Kazantzakis, which tells the story of a Greek man named Zorba, an unconventional and complex individual who lives through various adventures, experiences love, and ultimately finds wisdom in his life, blending philosophy with the everyday struggles of working on a remote Greek island.
[Sentence Fragment End]<|eot_id|><|start_header_id|>assistant<|end_header_id|>

Rating: [[",2]],2
"system
You are a helpful assistant.
user
Please give a one sentence summary of The Nightingale
assistant","""The Nightingale"" is a novel by Kristin Hannah, set during World War I, that tells the intertwined stories of two sisters in France – Vianne and Isabelle – as they navigate love, sacrifice, and resistance against German occupation, with Vianne's daughter and Isabelle's bravery playing central roles in their fight for freedom.","The Nightingale is a novel by Kristin Hannah that tells the story of two sisters in France during World War II, one of whom becomes involved in the resistance while the other struggles with the weight of their family's secrets.",8_random_steer_0.05_paragraph-long_gen.json,Please give a one sentence summary of The Nightingale,Qwen1.5-14B-Chat,paragraph-long,sentence,randomlayer-s0,paragraph-long_eval,paragraph-long_steer,8,random,steer,0.05,"<|begin_of_text|><|start_header_id|>system<|end_header_id|>

Cutting Knowledge Date: December 2023
Today Date: 26 Jul 2024

Please act as an impartial judge and evaluate the fluency of the sentence fragment provided below. Focus solely on fluency, disregarding its completeness, relevance, coherence with any broader context, or informativeness. Begin your evaluation by briefly describing the fluency of the sentence, noting any unnatural phrasing, awkward transitions, grammatical errors, or repetitive structures that may hinder readability. After providing your explanation, rate the sentence's fluency on a scale from 0 to 2, where 0 indicates the sentence is not fluent and highly unnatural (e.g., incomprehensible or repetitive), 1 indicates it is somewhat fluent but contains noticeable errors or awkward phrasing, and 2 indicates the sentence is fluent and almost perfect. Provide your rating using this exact format: “Rating: [[score]]”.<|eot_id|><|start_header_id|>user<|end_header_id|>

[Sentence Fragment Start]
""The Nightingale"" is a novel by Kristin Hannah, set during World War I, that tells the intertwined stories of two sisters in France – Vianne and Isabelle – as they navigate love, sacrifice, and resistance against German occupation, with Vianne's daughter and Isabelle's bravery playing central roles in their fight for freedom.
[Sentence Fragment End]<|eot_id|><|start_header_id|>assistant<|end_header_id|>

Rating: [[",2]],2
"system
You are a helpful assistant.
user
Please give a one sentence summary of Life After Life
assistant","""Life After Life"" is a novel by C.S. Lewis, which explores the concept of reincarnation through the interconnected stories of multiple characters who experience consecutive lives, ultimately searching for meaning and spiritual enlightenment.","Life After Life is a novel by Kate Atkinson that follows the interconnected lives of a woman named Ursula Todd, who experiences the same events and choices multiple times, exploring the themes of destiny, love, and the impact of our actions on life's outcomes.",8_random_steer_0.05_paragraph-long_gen.json,Please give a one sentence summary of Life After Life,Qwen1.5-14B-Chat,paragraph-long,sentence,randomlayer-s0,paragraph-long_eval,paragraph-long_steer,8,random,steer,0.05,"<|begin_of_text|><|start_header_id|>system<|end_header_id|>

Cutting Knowledge Date: December 2023
Today Date: 26 Jul 2024

Please act as an impartial judge and evaluate the fluency of the sentence fragment provided below. Focus solely on fluency, disregarding its completeness, relevance, coherence with any broader context, or informativeness. Begin your evaluation by briefly describing the fluency of the sentence, noting any unnatural phrasing, awkward transitions, grammatical errors, or repetitive structures that may hinder readability. After providing your explanation, rate the sentence's fluency on a scale from 0 to 2, where 0 indicates the sentence is not fluent and highly unnatural (e.g., incomprehensible or repetitive), 1 indicates it is somewhat fluent but contains noticeable errors or awkward phrasing, and 2 indicates the sentence is fluent and almost perfect. Provide your rating using this exact format: “Rating: [[score]]”.<|eot_id|><|start_header_id|>user<|end_header_id|>

[Sentence Fragment Start]
""Life After Life"" is a novel by C.S. Lewis, which explores the concept of reincarnation through the interconnected stories of multiple characters who experience consecutive lives, ultimately searching for meaning and spiritual enlightenment.
[Sentence Fragment End]<|eot_id|><|start_header_id|>assistant<|end_header_id|>

Rating: [[",2]],2
"system
You are a helpful assistant.
user
Please give a one sentence summary of World Without End
assistant","""World Without End"" is a novel by Ken Follett that follows the intertwined lives of three families from different social backgrounds across three centuries, exploring themes of power, love, and the impact of historical events on personal destinies, set against the backdrop of wars, political turmoil, and industrial revolution.","""World Without End"" is a novel by Ken Follett that follows the lives of two families, the Duchannes and the Cambray, through generations, set against the backdrop of historical events in Europe from the Middle Ages to the present day.",8_random_steer_0.05_paragraph-long_gen.json,Please give a one sentence summary of World Without End,Qwen1.5-14B-Chat,paragraph-long,sentence,randomlayer-s0,paragraph-long_eval,paragraph-long_steer,8,random,steer,0.05,"<|begin_of_text|><|start_header_id|>system<|end_header_id|>

Cutting Knowledge Date: December 2023
Today Date: 26 Jul 2024

Please act as an impartial judge and evaluate the fluency of the sentence fragment provided below. Focus solely on fluency, disregarding its completeness, relevance, coherence with any broader context, or informativeness. Begin your evaluation by briefly describing the fluency of the sentence, noting any unnatural phrasing, awkward transitions, grammatical errors, or repetitive structures that may hinder readability. After providing your explanation, rate the sentence's fluency on a scale from 0 to 2, where 0 indicates the sentence is not fluent and highly unnatural (e.g., incomprehensible or repetitive), 1 indicates it is somewhat fluent but contains noticeable errors or awkward phrasing, and 2 indicates the sentence is fluent and almost perfect. Provide your rating using this exact format: “Rating: [[score]]”.<|eot_id|><|start_header_id|>user<|end_header_id|>

[Sentence Fragment Start]
""World Without End"" is a novel by Ken Follett that follows the intertwined lives of three families from different social backgrounds across three centuries, exploring themes of power, love, and the impact of historical events on personal destinies, set against the backdrop of wars, political turmoil, and industrial revolution.
[Sentence Fragment End]<|eot_id|><|start_header_id|>assistant<|end_header_id|>

Rating: [[",2]],2
"system
You are a helpful assistant.
user
Please give a one sentence summary of James and the Giant Peach
assistant","James and the Giant Peach is a beloved children's book by Roald Dahl, where a young boy named James stumbles upon a magical peach that grows to enormous proportions, leading him on an adventure with talking insects as companions while he outwits a wicked trio of criminals seeking to steal the fruit.",James and the Giant Peach is a novel by Roald Dahl about a young boy who befriends a giant peach and embarks on an adventure across the ocean with its magical inhabitants to escape his evil aunt and uncle.,8_random_steer_0.05_paragraph-long_gen.json,Please give a one sentence summary of James and the Giant Peach,Qwen1.5-14B-Chat,paragraph-long,sentence,randomlayer-s0,paragraph-long_eval,paragraph-long_steer,8,random,steer,0.05,"<|begin_of_text|><|start_header_id|>system<|end_header_id|>

Cutting Knowledge Date: December 2023
Today Date: 26 Jul 2024

Please act as an impartial judge and evaluate the fluency of the sentence fragment provided below. Focus solely on fluency, disregarding its completeness, relevance, coherence with any broader context, or informativeness. Begin your evaluation by briefly describing the fluency of the sentence, noting any unnatural phrasing, awkward transitions, grammatical errors, or repetitive structures that may hinder readability. After providing your explanation, rate the sentence's fluency on a scale from 0 to 2, where 0 indicates the sentence is not fluent and highly unnatural (e.g., incomprehensible or repetitive), 1 indicates it is somewhat fluent but contains noticeable errors or awkward phrasing, and 2 indicates the sentence is fluent and almost perfect. Provide your rating using this exact format: “Rating: [[score]]”.<|eot_id|><|start_header_id|>user<|end_header_id|>

[Sentence Fragment Start]
James and the Giant Peach is a beloved children's book by Roald Dahl, where a young boy named James stumbles upon a magical peach that grows to enormous proportions, leading him on an adventure with talking insects as companions while he outwits a wicked trio of criminals seeking to steal the fruit.
[Sentence Fragment End]<|eot_id|><|start_header_id|>assistant<|end_header_id|>

Rating: [[",2]],2
"system
You are a helpful assistant.
user
Please give a one sentence summary of A Desolation Called Peace
assistant","""A Desolation Called Peace"" is a novel by Joe Abercrombie, set in the world of The First Law series, where a fragile peace between the nations of the North and the South is threatened by political intrigue, personal vendettas, and the looming specter of war, as the main characters navigate treacherous alliances and grapple with their own moral dilemmas.","""A Desolation Called Peace"" is a novel by Joe Abercrombie, which follows the intertwined stories of political intrigue, war, and personal struggles in the world of the First Law series, as characters navigate the aftermath of a devastating battle between nations.",8_random_steer_0.05_paragraph-long_gen.json,Please give a one sentence summary of A Desolation Called Peace,Qwen1.5-14B-Chat,paragraph-long,sentence,randomlayer-s0,paragraph-long_eval,paragraph-long_steer,8,random,steer,0.05,"<|begin_of_text|><|start_header_id|>system<|end_header_id|>

Cutting Knowledge Date: December 2023
Today Date: 26 Jul 2024

Please act as an impartial judge and evaluate the fluency of the sentence fragment provided below. Focus solely on fluency, disregarding its completeness, relevance, coherence with any broader context, or informativeness. Begin your evaluation by briefly describing the fluency of the sentence, noting any unnatural phrasing, awkward transitions, grammatical errors, or repetitive structures that may hinder readability. After providing your explanation, rate the sentence's fluency on a scale from 0 to 2, where 0 indicates the sentence is not fluent and highly unnatural (e.g., incomprehensible or repetitive), 1 indicates it is somewhat fluent but contains noticeable errors or awkward phrasing, and 2 indicates the sentence is fluent and almost perfect. Provide your rating using this exact format: “Rating: [[score]]”.<|eot_id|><|start_header_id|>user<|end_header_id|>

[Sentence Fragment Start]
""A Desolation Called Peace"" is a novel by Joe Abercrombie, set in the world of The First Law series, where a fragile peace between the nations of the North and the South is threatened by political intrigue, personal vendettas, and the looming specter of war, as the main characters navigate treacherous alliances and grapple with their own moral dilemmas.
[Sentence Fragment End]<|eot_id|><|start_header_id|>assistant<|end_header_id|>

Rating: [[",2]],2
"system
You are a helpful assistant.
user
Please give a one sentence summary of The Year of the Flood
assistant","""The Year of the Flood"" is a novel by Margaret Atwood, which tells the story of a dystopian future where climate change has led to devastating floods, and a young girl named Ada, who possesses extraordinary mathematical abilities, navigates this treacherous world while seeking survival and connection with her family.","""The Year of the Flood"" is a novel by Margaret Atwood that follows the lives of two women in a dystopian future where a devastating flood has submerged most of the world, exploring themes of survival, technology, and the power of human connection.",8_random_steer_0.05_paragraph-long_gen.json,Please give a one sentence summary of The Year of the Flood,Qwen1.5-14B-Chat,paragraph-long,sentence,randomlayer-s0,paragraph-long_eval,paragraph-long_steer,8,random,steer,0.05,"<|begin_of_text|><|start_header_id|>system<|end_header_id|>

Cutting Knowledge Date: December 2023
Today Date: 26 Jul 2024

Please act as an impartial judge and evaluate the fluency of the sentence fragment provided below. Focus solely on fluency, disregarding its completeness, relevance, coherence with any broader context, or informativeness. Begin your evaluation by briefly describing the fluency of the sentence, noting any unnatural phrasing, awkward transitions, grammatical errors, or repetitive structures that may hinder readability. After providing your explanation, rate the sentence's fluency on a scale from 0 to 2, where 0 indicates the sentence is not fluent and highly unnatural (e.g., incomprehensible or repetitive), 1 indicates it is somewhat fluent but contains noticeable errors or awkward phrasing, and 2 indicates the sentence is fluent and almost perfect. Provide your rating using this exact format: “Rating: [[score]]”.<|eot_id|><|start_header_id|>user<|end_header_id|>

[Sentence Fragment Start]
""The Year of the Flood"" is a novel by Margaret Atwood, which tells the story of a dystopian future where climate change has led to devastating floods, and a young girl named Ada, who possesses extraordinary mathematical abilities, navigates this treacherous world while seeking survival and connection with her family.
[Sentence Fragment End]<|eot_id|><|start_header_id|>assistant<|end_header_id|>

Rating: [[",2]],2
"system
You are a helpful assistant.
user
Please give a one sentence summary of The Memory Police
assistant","The Memory Police is a dystopian novella by George Orwell, set in a totalitarian society where the government controls and deletes thoughts and memories to maintain absolute power, particularly erasing any mention of the disappeared ""thinkers."" This oppressive regime serves as a warning about the dangers of censorship and the importance of individual freedom of thought.","The Memory Police is a novel by Japanese author Yoko Ogawa, set in a dystopian society where a totalitarian regime controls and deletes memories to maintain power, as a detective investigates the mysterious ""忘却病"" that challenges their control.",8_random_steer_0.05_paragraph-long_gen.json,Please give a one sentence summary of The Memory Police,Qwen1.5-14B-Chat,paragraph-long,sentence,randomlayer-s0,paragraph-long_eval,paragraph-long_steer,8,random,steer,0.05,"<|begin_of_text|><|start_header_id|>system<|end_header_id|>

Cutting Knowledge Date: December 2023
Today Date: 26 Jul 2024

Please act as an impartial judge and evaluate the fluency of the sentence fragment provided below. Focus solely on fluency, disregarding its completeness, relevance, coherence with any broader context, or informativeness. Begin your evaluation by briefly describing the fluency of the sentence, noting any unnatural phrasing, awkward transitions, grammatical errors, or repetitive structures that may hinder readability. After providing your explanation, rate the sentence's fluency on a scale from 0 to 2, where 0 indicates the sentence is not fluent and highly unnatural (e.g., incomprehensible or repetitive), 1 indicates it is somewhat fluent but contains noticeable errors or awkward phrasing, and 2 indicates the sentence is fluent and almost perfect. Provide your rating using this exact format: “Rating: [[score]]”.<|eot_id|><|start_header_id|>user<|end_header_id|>

[Sentence Fragment Start]
The Memory Police is a dystopian novella by George Orwell, set in a totalitarian society where the government controls and deletes thoughts and memories to maintain absolute power, particularly erasing any mention of the disappeared ""thinkers."" This oppressive regime serves as a warning about the dangers of censorship and the importance of individual freedom of thought.
[Sentence Fragment End]<|eot_id|><|start_header_id|>assistant<|end_header_id|>

Rating: [[",2]],2
"system
You are a helpful assistant.
user
Please give a one sentence summary of Erewhon
assistant","Erewhon is a utopian novel written by Samuel Butler, published in 1872, that satirizes Victorian society and explores the idea of a perfect, socialist community called ""Utopia"" where people live in harmony, but its inhabitants face unexpected challenges and disillusionment.","Erewhon is a novel by Samuel Butler that satirizes Victorian society and explores utopian ideals, as the protagonist travels to an idealized community named Erewhon where the seemingly perfect existence conceals hidden flaws and hypocrisy.",8_random_steer_0.05_paragraph-long_gen.json,Please give a one sentence summary of Erewhon,Qwen1.5-14B-Chat,paragraph-long,sentence,randomlayer-s0,paragraph-long_eval,paragraph-long_steer,8,random,steer,0.05,"<|begin_of_text|><|start_header_id|>system<|end_header_id|>

Cutting Knowledge Date: December 2023
Today Date: 26 Jul 2024

Please act as an impartial judge and evaluate the fluency of the sentence fragment provided below. Focus solely on fluency, disregarding its completeness, relevance, coherence with any broader context, or informativeness. Begin your evaluation by briefly describing the fluency of the sentence, noting any unnatural phrasing, awkward transitions, grammatical errors, or repetitive structures that may hinder readability. After providing your explanation, rate the sentence's fluency on a scale from 0 to 2, where 0 indicates the sentence is not fluent and highly unnatural (e.g., incomprehensible or repetitive), 1 indicates it is somewhat fluent but contains noticeable errors or awkward phrasing, and 2 indicates the sentence is fluent and almost perfect. Provide your rating using this exact format: “Rating: [[score]]”.<|eot_id|><|start_header_id|>user<|end_header_id|>

[Sentence Fragment Start]
Erewhon is a utopian novel written by Samuel Butler, published in 1872, that satirizes Victorian society and explores the idea of a perfect, socialist community called ""Utopia"" where people live in harmony, but its inhabitants face unexpected challenges and disillusionment.
[Sentence Fragment End]<|eot_id|><|start_header_id|>assistant<|end_header_id|>

Rating: [[",2]],2
"system
You are a helpful assistant.
user
Please give a one sentence summary of Fatelessness
assistant","""Fatelessness"" is a novel by Imre Kertész, which tells the story of a Hungarian Jewish man who, after being released from a Nazi concentration camp, becomes disillusioned with society and struggles to find meaning in his life amidst the post-war chaos and the pervasive sense of hopelessness.","""Fatelessness"" is a novel by Imre Kertész, which chronicles the disillusionment and personal growth of a young Jewish boy during World War II as he tries to navigate the horrors of the Holocaust and the loss of his innocence.",8_random_steer_0.05_paragraph-long_gen.json,Please give a one sentence summary of Fatelessness,Qwen1.5-14B-Chat,paragraph-long,sentence,randomlayer-s0,paragraph-long_eval,paragraph-long_steer,8,random,steer,0.05,"<|begin_of_text|><|start_header_id|>system<|end_header_id|>

Cutting Knowledge Date: December 2023
Today Date: 26 Jul 2024

Please act as an impartial judge and evaluate the fluency of the sentence fragment provided below. Focus solely on fluency, disregarding its completeness, relevance, coherence with any broader context, or informativeness. Begin your evaluation by briefly describing the fluency of the sentence, noting any unnatural phrasing, awkward transitions, grammatical errors, or repetitive structures that may hinder readability. After providing your explanation, rate the sentence's fluency on a scale from 0 to 2, where 0 indicates the sentence is not fluent and highly unnatural (e.g., incomprehensible or repetitive), 1 indicates it is somewhat fluent but contains noticeable errors or awkward phrasing, and 2 indicates the sentence is fluent and almost perfect. Provide your rating using this exact format: “Rating: [[score]]”.<|eot_id|><|start_header_id|>user<|end_header_id|>

[Sentence Fragment Start]
""Fatelessness"" is a novel by Imre Kertész, which tells the story of a Hungarian Jewish man who, after being released from a Nazi concentration camp, becomes disillusioned with society and struggles to find meaning in his life amidst the post-war chaos and the pervasive sense of hopelessness.
[Sentence Fragment End]<|eot_id|><|start_header_id|>assistant<|end_header_id|>

Rating: [[",2]],2
"system
You are a helpful assistant.
user
Please give a one sentence summary of The Good Soldier Švejk
assistant","""The Good Soldier Švejk is a satirical novel by Jaroslav Hašek, which follows the adventures of the eponymous Czech soldier during World War I, as he uses his wit, cunning, and anti-authoritarian attitude to navigate the absurdity of the military system while maintaining his innocence and individuality.""","""The Good Soldier Švejk is a satirical novel by Jaroslav Hašek, following the adventures of a Czech soldier during World War I who remains unflappable and subversive, providing comic relief amidst the chaos and disillusionment of the conflict.""",8_random_steer_0.05_paragraph-long_gen.json,Please give a one sentence summary of The Good Soldier Švejk,Qwen1.5-14B-Chat,paragraph-long,sentence,randomlayer-s0,paragraph-long_eval,paragraph-long_steer,8,random,steer,0.05,"<|begin_of_text|><|start_header_id|>system<|end_header_id|>

Cutting Knowledge Date: December 2023
Today Date: 26 Jul 2024

Please act as an impartial judge and evaluate the fluency of the sentence fragment provided below. Focus solely on fluency, disregarding its completeness, relevance, coherence with any broader context, or informativeness. Begin your evaluation by briefly describing the fluency of the sentence, noting any unnatural phrasing, awkward transitions, grammatical errors, or repetitive structures that may hinder readability. After providing your explanation, rate the sentence's fluency on a scale from 0 to 2, where 0 indicates the sentence is not fluent and highly unnatural (e.g., incomprehensible or repetitive), 1 indicates it is somewhat fluent but contains noticeable errors or awkward phrasing, and 2 indicates the sentence is fluent and almost perfect. Provide your rating using this exact format: “Rating: [[score]]”.<|eot_id|><|start_header_id|>user<|end_header_id|>

[Sentence Fragment Start]
""The Good Soldier Švejk is a satirical novel by Jaroslav Hašek, which follows the adventures of the eponymous Czech soldier during World War I, as he uses his wit, cunning, and anti-authoritarian attitude to navigate the absurdity of the military system while maintaining his innocence and individuality.""
[Sentence Fragment End]<|eot_id|><|start_header_id|>assistant<|end_header_id|>

Rating: [[",2]],2
"system
You are a helpful assistant.
user
Please give a one sentence summary of The Discovery of Heaven
assistant","""The Discovery of Heaven"" is a novel by Richard Jefferies, published in 1877, that explores the themes of nature, rural life, and spiritual awakening through the eyes of a young man named Eustace who rediscovers the beauty and simplicity of the natural world, leading him to a deeper connection with the divine.","""The Discovery of Heaven"" is a philosophical novel by John Milton, in which the protagonist, after a series of trials and visions, contemplates the nature of God, good, and the afterlife, ultimately finding solace and understanding in the Christian concept of heaven as a place of eternal happiness and divine love.",8_random_steer_0.05_paragraph-long_gen.json,Please give a one sentence summary of The Discovery of Heaven,Qwen1.5-14B-Chat,paragraph-long,sentence,randomlayer-s0,paragraph-long_eval,paragraph-long_steer,8,random,steer,0.05,"<|begin_of_text|><|start_header_id|>system<|end_header_id|>

Cutting Knowledge Date: December 2023
Today Date: 26 Jul 2024

Please act as an impartial judge and evaluate the fluency of the sentence fragment provided below. Focus solely on fluency, disregarding its completeness, relevance, coherence with any broader context, or informativeness. Begin your evaluation by briefly describing the fluency of the sentence, noting any unnatural phrasing, awkward transitions, grammatical errors, or repetitive structures that may hinder readability. After providing your explanation, rate the sentence's fluency on a scale from 0 to 2, where 0 indicates the sentence is not fluent and highly unnatural (e.g., incomprehensible or repetitive), 1 indicates it is somewhat fluent but contains noticeable errors or awkward phrasing, and 2 indicates the sentence is fluent and almost perfect. Provide your rating using this exact format: “Rating: [[score]]”.<|eot_id|><|start_header_id|>user<|end_header_id|>

[Sentence Fragment Start]
""The Discovery of Heaven"" is a novel by Richard Jefferies, published in 1877, that explores the themes of nature, rural life, and spiritual awakening through the eyes of a young man named Eustace who rediscovers the beauty and simplicity of the natural world, leading him to a deeper connection with the divine.
[Sentence Fragment End]<|eot_id|><|start_header_id|>assistant<|end_header_id|>

Rating: [[",2]],2
"system
You are a helpful assistant.
user
Please give a one sentence summary of Women in Love
assistant","""Women in Love,"" written by D.H. Lawrence, is a novel that explores the complex relationships and emotional turmoil between two sisters, Gudrun and Tiphany, and their love for two brothers, Oliver and Paul, in a post-World War I English countryside setting.","Women in Love is a novel by D.H. Lawrence that explores the complex relationships and emotional entanglements between two couples in an English country estate during the early 20th century, delving into themes of love, jealousy, and the struggle for personal fulfillment.",8_random_steer_0.05_paragraph-long_gen.json,Please give a one sentence summary of Women in Love,Qwen1.5-14B-Chat,paragraph-long,sentence,randomlayer-s0,paragraph-long_eval,paragraph-long_steer,8,random,steer,0.05,"<|begin_of_text|><|start_header_id|>system<|end_header_id|>

Cutting Knowledge Date: December 2023
Today Date: 26 Jul 2024

Please act as an impartial judge and evaluate the fluency of the sentence fragment provided below. Focus solely on fluency, disregarding its completeness, relevance, coherence with any broader context, or informativeness. Begin your evaluation by briefly describing the fluency of the sentence, noting any unnatural phrasing, awkward transitions, grammatical errors, or repetitive structures that may hinder readability. After providing your explanation, rate the sentence's fluency on a scale from 0 to 2, where 0 indicates the sentence is not fluent and highly unnatural (e.g., incomprehensible or repetitive), 1 indicates it is somewhat fluent but contains noticeable errors or awkward phrasing, and 2 indicates the sentence is fluent and almost perfect. Provide your rating using this exact format: “Rating: [[score]]”.<|eot_id|><|start_header_id|>user<|end_header_id|>

[Sentence Fragment Start]
""Women in Love,"" written by D.H. Lawrence, is a novel that explores the complex relationships and emotional turmoil between two sisters, Gudrun and Tiphany, and their love for two brothers, Oliver and Paul, in a post-World War I English countryside setting.
[Sentence Fragment End]<|eot_id|><|start_header_id|>assistant<|end_header_id|>

Rating: [[",2]],2
"system
You are a helpful assistant.
user
Please give a one sentence summary of Winesburg, Ohio
assistant","Winesburg, Ohio, is a short story collection by Sherwood Anderson, first published in 1919. The collection portrays the lives of ordinary people in a small Midwestern town, exploring themes of disillusionment, poverty, and the search for meaning in a seemingly mundane existence. Through its vivid characters and poetic prose, Anderson captures the essence of rural America during the early 20th century.","Winesburg, Ohio, is a collection of interconnected short stories by Sherwood Anderson that offer a vivid portrayal of small-town life in early 20th-century America, exploring themes of loneliness, personal growth, and the human condition.",8_random_steer_0.05_paragraph-long_gen.json,"Please give a one sentence summary of Winesburg, Ohio",Qwen1.5-14B-Chat,paragraph-long,sentence,randomlayer-s0,paragraph-long_eval,paragraph-long_steer,8,random,steer,0.05,"<|begin_of_text|><|start_header_id|>system<|end_header_id|>

Cutting Knowledge Date: December 2023
Today Date: 26 Jul 2024

Please act as an impartial judge and evaluate the fluency of the sentence fragment provided below. Focus solely on fluency, disregarding its completeness, relevance, coherence with any broader context, or informativeness. Begin your evaluation by briefly describing the fluency of the sentence, noting any unnatural phrasing, awkward transitions, grammatical errors, or repetitive structures that may hinder readability. After providing your explanation, rate the sentence's fluency on a scale from 0 to 2, where 0 indicates the sentence is not fluent and highly unnatural (e.g., incomprehensible or repetitive), 1 indicates it is somewhat fluent but contains noticeable errors or awkward phrasing, and 2 indicates the sentence is fluent and almost perfect. Provide your rating using this exact format: “Rating: [[score]]”.<|eot_id|><|start_header_id|>user<|end_header_id|>

[Sentence Fragment Start]
Winesburg, Ohio, is a short story collection by Sherwood Anderson, first published in 1919. The collection portrays the lives of ordinary people in a small Midwestern town, exploring themes of disillusionment, poverty, and the search for meaning in a seemingly mundane existence. Through its vivid characters and poetic prose, Anderson captures the essence of rural America during the early 20th century.
[Sentence Fragment End]<|eot_id|><|start_header_id|>assistant<|end_header_id|>

Rating: [[",2]],2
"system
You are a helpful assistant.
user
Please give a one sentence summary of The First Man
assistant","The First Man is a biographical drama film directed by Damien Chazelle, which tells the story of Neil Armstrong's early life and journey to becoming the first human to walk on the moon, focusing on his personal challenges, training, and the historical context of the Apollo 11 mission.","""The First Man"" is a biographical drama film that chronicles the early life of Neil Armstrong, focusing on his journey to becoming the first human to walk on the moon.",8_random_steer_0.05_paragraph-long_gen.json,Please give a one sentence summary of The First Man,Qwen1.5-14B-Chat,paragraph-long,sentence,randomlayer-s0,paragraph-long_eval,paragraph-long_steer,8,random,steer,0.05,"<|begin_of_text|><|start_header_id|>system<|end_header_id|>

Cutting Knowledge Date: December 2023
Today Date: 26 Jul 2024

Please act as an impartial judge and evaluate the fluency of the sentence fragment provided below. Focus solely on fluency, disregarding its completeness, relevance, coherence with any broader context, or informativeness. Begin your evaluation by briefly describing the fluency of the sentence, noting any unnatural phrasing, awkward transitions, grammatical errors, or repetitive structures that may hinder readability. After providing your explanation, rate the sentence's fluency on a scale from 0 to 2, where 0 indicates the sentence is not fluent and highly unnatural (e.g., incomprehensible or repetitive), 1 indicates it is somewhat fluent but contains noticeable errors or awkward phrasing, and 2 indicates the sentence is fluent and almost perfect. Provide your rating using this exact format: “Rating: [[score]]”.<|eot_id|><|start_header_id|>user<|end_header_id|>

[Sentence Fragment Start]
The First Man is a biographical drama film directed by Damien Chazelle, which tells the story of Neil Armstrong's early life and journey to becoming the first human to walk on the moon, focusing on his personal challenges, training, and the historical context of the Apollo 11 mission.
[Sentence Fragment End]<|eot_id|><|start_header_id|>assistant<|end_header_id|>

Rating: [[",2]],2
"system
You are a helpful assistant.
user
Please give a one sentence summary of Time Regained
assistant","""Time Regained"" is a captivating novel that explores the intricate themes of time travel, redemption, and the consequences of altering the past, as the protagonist embarks on a journey to correct a devastating mistake and find meaning in the lost moments of life.","Time Regained, by Marcel Proust, is a novel that follows the protagonist's journey through time, revisiting his past and exploring the themes of memory, love, and the ineluctable passage of life.",8_random_steer_0.05_paragraph-long_gen.json,Please give a one sentence summary of Time Regained,Qwen1.5-14B-Chat,paragraph-long,sentence,randomlayer-s0,paragraph-long_eval,paragraph-long_steer,8,random,steer,0.05,"<|begin_of_text|><|start_header_id|>system<|end_header_id|>

Cutting Knowledge Date: December 2023
Today Date: 26 Jul 2024

Please act as an impartial judge and evaluate the fluency of the sentence fragment provided below. Focus solely on fluency, disregarding its completeness, relevance, coherence with any broader context, or informativeness. Begin your evaluation by briefly describing the fluency of the sentence, noting any unnatural phrasing, awkward transitions, grammatical errors, or repetitive structures that may hinder readability. After providing your explanation, rate the sentence's fluency on a scale from 0 to 2, where 0 indicates the sentence is not fluent and highly unnatural (e.g., incomprehensible or repetitive), 1 indicates it is somewhat fluent but contains noticeable errors or awkward phrasing, and 2 indicates the sentence is fluent and almost perfect. Provide your rating using this exact format: “Rating: [[score]]”.<|eot_id|><|start_header_id|>user<|end_header_id|>

[Sentence Fragment Start]
""Time Regained"" is a captivating novel that explores the intricate themes of time travel, redemption, and the consequences of altering the past, as the protagonist embarks on a journey to correct a devastating mistake and find meaning in the lost moments of life.
[Sentence Fragment End]<|eot_id|><|start_header_id|>assistant<|end_header_id|>

Rating: [[",2]],2
"system
You are a helpful assistant.
user
Please give a one sentence summary of Revolutionary Road
assistant","""Revolutionary Road"" is a novel by Richard Yates that explores the disillusionment and tragic end of an idealistic young couple, April and Nick Warden, as they navigate the challenges of suburban life in 1950s Connecticut, ultimately leading to a devastating confrontation with their unfulfilled dreams.","""Revolutionary Road"" is a novel by Richard Yates that follows a young couple's disillusionment and tragic decline in their seemingly perfect 1950s suburban life in Connecticut, as they grapple with the emptiness of their expectations and the challenges of conformity.",8_random_steer_0.05_paragraph-long_gen.json,Please give a one sentence summary of Revolutionary Road,Qwen1.5-14B-Chat,paragraph-long,sentence,randomlayer-s0,paragraph-long_eval,paragraph-long_steer,8,random,steer,0.05,"<|begin_of_text|><|start_header_id|>system<|end_header_id|>

Cutting Knowledge Date: December 2023
Today Date: 26 Jul 2024

Please act as an impartial judge and evaluate the fluency of the sentence fragment provided below. Focus solely on fluency, disregarding its completeness, relevance, coherence with any broader context, or informativeness. Begin your evaluation by briefly describing the fluency of the sentence, noting any unnatural phrasing, awkward transitions, grammatical errors, or repetitive structures that may hinder readability. After providing your explanation, rate the sentence's fluency on a scale from 0 to 2, where 0 indicates the sentence is not fluent and highly unnatural (e.g., incomprehensible or repetitive), 1 indicates it is somewhat fluent but contains noticeable errors or awkward phrasing, and 2 indicates the sentence is fluent and almost perfect. Provide your rating using this exact format: “Rating: [[score]]”.<|eot_id|><|start_header_id|>user<|end_header_id|>

[Sentence Fragment Start]
""Revolutionary Road"" is a novel by Richard Yates that explores the disillusionment and tragic end of an idealistic young couple, April and Nick Warden, as they navigate the challenges of suburban life in 1950s Connecticut, ultimately leading to a devastating confrontation with their unfulfilled dreams.
[Sentence Fragment End]<|eot_id|><|start_header_id|>assistant<|end_header_id|>

Rating: [[",2]],2
"system
You are a helpful assistant.
user
Please give a one sentence summary of Rabbit, Run
assistant","""Rabbit, Run"" is a novel by Richard Wright that follows the life of a young black man named Rabbit Martin, who struggles to escape the constraints of his impoverished background and the racial prejudices of 1940s America while searching for identity and freedom in a world that seems determined to hold him down.","Rabbit, Run is a novel by John Updike that follows the life of兔子布兰登, a working-class man who struggles with identity, relationships, and the pursuit of freedom in a suburban American community.",8_random_steer_0.05_paragraph-long_gen.json,"Please give a one sentence summary of Rabbit, Run",Qwen1.5-14B-Chat,paragraph-long,sentence,randomlayer-s0,paragraph-long_eval,paragraph-long_steer,8,random,steer,0.05,"<|begin_of_text|><|start_header_id|>system<|end_header_id|>

Cutting Knowledge Date: December 2023
Today Date: 26 Jul 2024

Please act as an impartial judge and evaluate the fluency of the sentence fragment provided below. Focus solely on fluency, disregarding its completeness, relevance, coherence with any broader context, or informativeness. Begin your evaluation by briefly describing the fluency of the sentence, noting any unnatural phrasing, awkward transitions, grammatical errors, or repetitive structures that may hinder readability. After providing your explanation, rate the sentence's fluency on a scale from 0 to 2, where 0 indicates the sentence is not fluent and highly unnatural (e.g., incomprehensible or repetitive), 1 indicates it is somewhat fluent but contains noticeable errors or awkward phrasing, and 2 indicates the sentence is fluent and almost perfect. Provide your rating using this exact format: “Rating: [[score]]”.<|eot_id|><|start_header_id|>user<|end_header_id|>

[Sentence Fragment Start]
""Rabbit, Run"" is a novel by Richard Wright that follows the life of a young black man named Rabbit Martin, who struggles to escape the constraints of his impoverished background and the racial prejudices of 1940s America while searching for identity and freedom in a world that seems determined to hold him down.
[Sentence Fragment End]<|eot_id|><|start_header_id|>assistant<|end_header_id|>

Rating: [[",2]],2
"system
You are a helpful assistant.
user
Please give a one sentence summary of The Amazing Adventures of Kavalier & Clay
assistant","The Amazing Adventures of Kavalier & Clay is a novel by Michael Chabon that tells the captivating story of two young Jewish men, Danny Kavalier and Morty Goldman, who escape Nazi-occupied Poland during World War II and embark on a thrilling journey to create a magical comic book universe, while weaving in themes of love, art, and the power of imagination.","""The Amazing Adventures of Kavalier & Clay"" is a novel that follows the intertwined lives of two young Jewish comic book creators during World War II, exploring their rise to success in the Golden Age of comics while grappling with personal and historical challenges.",8_random_steer_0.05_paragraph-long_gen.json,Please give a one sentence summary of The Amazing Adventures of Kavalier & Clay,Qwen1.5-14B-Chat,paragraph-long,sentence,randomlayer-s0,paragraph-long_eval,paragraph-long_steer,8,random,steer,0.05,"<|begin_of_text|><|start_header_id|>system<|end_header_id|>

Cutting Knowledge Date: December 2023
Today Date: 26 Jul 2024

Please act as an impartial judge and evaluate the fluency of the sentence fragment provided below. Focus solely on fluency, disregarding its completeness, relevance, coherence with any broader context, or informativeness. Begin your evaluation by briefly describing the fluency of the sentence, noting any unnatural phrasing, awkward transitions, grammatical errors, or repetitive structures that may hinder readability. After providing your explanation, rate the sentence's fluency on a scale from 0 to 2, where 0 indicates the sentence is not fluent and highly unnatural (e.g., incomprehensible or repetitive), 1 indicates it is somewhat fluent but contains noticeable errors or awkward phrasing, and 2 indicates the sentence is fluent and almost perfect. Provide your rating using this exact format: “Rating: [[score]]”.<|eot_id|><|start_header_id|>user<|end_header_id|>

[Sentence Fragment Start]
The Amazing Adventures of Kavalier & Clay is a novel by Michael Chabon that tells the captivating story of two young Jewish men, Danny Kavalier and Morty Goldman, who escape Nazi-occupied Poland during World War II and embark on a thrilling journey to create a magical comic book universe, while weaving in themes of love, art, and the power of imagination.
[Sentence Fragment End]<|eot_id|><|start_header_id|>assistant<|end_header_id|>

Rating: [[",2]],2
"system
You are a helpful assistant.
user
Please give a one sentence summary of Housekeeping
assistant","Housekeeping is the essential task of maintaining and organizing a living or working space, ensuring cleanliness, comfort, and functionality by regularly cleaning, arranging, and updating its elements.","Housekeeping is the department in a hotel or residence responsible for maintaining cleanliness, organization, and overall guest comfort.",8_random_steer_0.05_paragraph-long_gen.json,Please give a one sentence summary of Housekeeping,Qwen1.5-14B-Chat,paragraph-long,sentence,randomlayer-s0,paragraph-long_eval,paragraph-long_steer,8,random,steer,0.05,"<|begin_of_text|><|start_header_id|>system<|end_header_id|>

Cutting Knowledge Date: December 2023
Today Date: 26 Jul 2024

Please act as an impartial judge and evaluate the fluency of the sentence fragment provided below. Focus solely on fluency, disregarding its completeness, relevance, coherence with any broader context, or informativeness. Begin your evaluation by briefly describing the fluency of the sentence, noting any unnatural phrasing, awkward transitions, grammatical errors, or repetitive structures that may hinder readability. After providing your explanation, rate the sentence's fluency on a scale from 0 to 2, where 0 indicates the sentence is not fluent and highly unnatural (e.g., incomprehensible or repetitive), 1 indicates it is somewhat fluent but contains noticeable errors or awkward phrasing, and 2 indicates the sentence is fluent and almost perfect. Provide your rating using this exact format: “Rating: [[score]]”.<|eot_id|><|start_header_id|>user<|end_header_id|>

[Sentence Fragment Start]
Housekeeping is the essential task of maintaining and organizing a living or working space, ensuring cleanliness, comfort, and functionality by regularly cleaning, arranging, and updating its elements.
[Sentence Fragment End]<|eot_id|><|start_header_id|>assistant<|end_header_id|>

Rating: [[",2]],2
"system
You are a helpful assistant.
user
Please give a one sentence summary of Embassytown
assistant","Embrytation is a captivating and imaginative manga series that revolves around the extraordinary life of a young girl named Rokka, who possesses the ability to summon and control ""maids,"" magical creatures, in a world where these abilities are both celebrated and feared. As she navigates friendships, political intrigue, and the dangers lurking within her kingdom, Rokka learns to harness her powers and protect those she loves.",Embassytown is a science fiction novel by China Miéville that explores the complex dynamics between humans and an alien species through the eyes of a linguist who becomes embroiled in a political crisis on an alien-built city called Ariekei.,8_random_steer_0.05_paragraph-long_gen.json,Please give a one sentence summary of Embassytown,Qwen1.5-14B-Chat,paragraph-long,sentence,randomlayer-s0,paragraph-long_eval,paragraph-long_steer,8,random,steer,0.05,"<|begin_of_text|><|start_header_id|>system<|end_header_id|>

Cutting Knowledge Date: December 2023
Today Date: 26 Jul 2024

Please act as an impartial judge and evaluate the fluency of the sentence fragment provided below. Focus solely on fluency, disregarding its completeness, relevance, coherence with any broader context, or informativeness. Begin your evaluation by briefly describing the fluency of the sentence, noting any unnatural phrasing, awkward transitions, grammatical errors, or repetitive structures that may hinder readability. After providing your explanation, rate the sentence's fluency on a scale from 0 to 2, where 0 indicates the sentence is not fluent and highly unnatural (e.g., incomprehensible or repetitive), 1 indicates it is somewhat fluent but contains noticeable errors or awkward phrasing, and 2 indicates the sentence is fluent and almost perfect. Provide your rating using this exact format: “Rating: [[score]]”.<|eot_id|><|start_header_id|>user<|end_header_id|>

[Sentence Fragment Start]
Embrytation is a captivating and imaginative manga series that revolves around the extraordinary life of a young girl named Rokka, who possesses the ability to summon and control ""maids,"" magical creatures, in a world where these abilities are both celebrated and feared. As she navigates friendships, political intrigue, and the dangers lurking within her kingdom, Rokka learns to harness her powers and protect those she loves.
[Sentence Fragment End]<|eot_id|><|start_header_id|>assistant<|end_header_id|>

Rating: [[",2]],2
"system
You are a helpful assistant.
user
Please give a one sentence summary of Farewell, My Lovely
assistant","""Farewell, My Lovely"" is a haunting and poignant novel by James M. Cain, which tells the tragic story of Velma Kelly, a talented cabaret singer accused of murder, as she navigates the dark underbelly of 1930s Chicago while her sister Phyllis tries to clear her name, ultimately leading to a gripping courtroom drama.","""Farewell, My Lovely"" is a hard-boiled detective novel by Raymond Chandler, following private investigator Philip Marlowe as he investigates the mysterious death of a former movie star in Los Angeles.",8_random_steer_0.05_paragraph-long_gen.json,"Please give a one sentence summary of Farewell, My Lovely",Qwen1.5-14B-Chat,paragraph-long,sentence,randomlayer-s0,paragraph-long_eval,paragraph-long_steer,8,random,steer,0.05,"<|begin_of_text|><|start_header_id|>system<|end_header_id|>

Cutting Knowledge Date: December 2023
Today Date: 26 Jul 2024

Please act as an impartial judge and evaluate the fluency of the sentence fragment provided below. Focus solely on fluency, disregarding its completeness, relevance, coherence with any broader context, or informativeness. Begin your evaluation by briefly describing the fluency of the sentence, noting any unnatural phrasing, awkward transitions, grammatical errors, or repetitive structures that may hinder readability. After providing your explanation, rate the sentence's fluency on a scale from 0 to 2, where 0 indicates the sentence is not fluent and highly unnatural (e.g., incomprehensible or repetitive), 1 indicates it is somewhat fluent but contains noticeable errors or awkward phrasing, and 2 indicates the sentence is fluent and almost perfect. Provide your rating using this exact format: “Rating: [[score]]”.<|eot_id|><|start_header_id|>user<|end_header_id|>

[Sentence Fragment Start]
""Farewell, My Lovely"" is a haunting and poignant novel by James M. Cain, which tells the tragic story of Velma Kelly, a talented cabaret singer accused of murder, as she navigates the dark underbelly of 1930s Chicago while her sister Phyllis tries to clear her name, ultimately leading to a gripping courtroom drama.
[Sentence Fragment End]<|eot_id|><|start_header_id|>assistant<|end_header_id|>

Rating: [[",2]],2
"system
You are a helpful assistant.
user
Please give a one sentence summary of The Man in the Iron Mask
assistant","The Man in the Iron Mask, also known as D'Artagnan's Son or Le Masque de Fer, is a classic novel by Alexandre Dumas that tells the story of a young man who, upon discovering he is the illegitimate son of King Louis XIV, embarks on a quest to uncover his true identity while navigating political intrigue and seeking revenge against those who wronged his father.","The Man in the Iron Mask is a novel by Alexandre Dumas that tells the story of a mysterious prisoner who wears an iron mask, uncovering secrets about the French monarchy and a long-lost brother to King Louis XIV.",8_random_steer_0.05_paragraph-long_gen.json,Please give a one sentence summary of The Man in the Iron Mask,Qwen1.5-14B-Chat,paragraph-long,sentence,randomlayer-s0,paragraph-long_eval,paragraph-long_steer,8,random,steer,0.05,"<|begin_of_text|><|start_header_id|>system<|end_header_id|>

Cutting Knowledge Date: December 2023
Today Date: 26 Jul 2024

Please act as an impartial judge and evaluate the fluency of the sentence fragment provided below. Focus solely on fluency, disregarding its completeness, relevance, coherence with any broader context, or informativeness. Begin your evaluation by briefly describing the fluency of the sentence, noting any unnatural phrasing, awkward transitions, grammatical errors, or repetitive structures that may hinder readability. After providing your explanation, rate the sentence's fluency on a scale from 0 to 2, where 0 indicates the sentence is not fluent and highly unnatural (e.g., incomprehensible or repetitive), 1 indicates it is somewhat fluent but contains noticeable errors or awkward phrasing, and 2 indicates the sentence is fluent and almost perfect. Provide your rating using this exact format: “Rating: [[score]]”.<|eot_id|><|start_header_id|>user<|end_header_id|>

[Sentence Fragment Start]
The Man in the Iron Mask, also known as D'Artagnan's Son or Le Masque de Fer, is a classic novel by Alexandre Dumas that tells the story of a young man who, upon discovering he is the illegitimate son of King Louis XIV, embarks on a quest to uncover his true identity while navigating political intrigue and seeking revenge against those who wronged his father.
[Sentence Fragment End]<|eot_id|><|start_header_id|>assistant<|end_header_id|>

Rating: [[",2]],2
"system
You are a helpful assistant.
user
Please give a one sentence summary of Carrie
assistant","Carrie is a 1976 American supernatural horror film directed by Brian De Palma, based on Stephen King's novel. The story revolves around a shy, telekinetic teenager named Carrie White, who is relentlessly bullied at school and seeks revenge during her high school prom night with the help of her newfound telekinetic powers.","Carrie is a novel by Stephen King about a telekinetic teenager who seeks revenge against her cruel classmates after being bullied, leading to a terrifying and explosive climax.",8_random_steer_0.05_paragraph-long_gen.json,Please give a one sentence summary of Carrie,Qwen1.5-14B-Chat,paragraph-long,sentence,randomlayer-s0,paragraph-long_eval,paragraph-long_steer,8,random,steer,0.05,"<|begin_of_text|><|start_header_id|>system<|end_header_id|>

Cutting Knowledge Date: December 2023
Today Date: 26 Jul 2024

Please act as an impartial judge and evaluate the fluency of the sentence fragment provided below. Focus solely on fluency, disregarding its completeness, relevance, coherence with any broader context, or informativeness. Begin your evaluation by briefly describing the fluency of the sentence, noting any unnatural phrasing, awkward transitions, grammatical errors, or repetitive structures that may hinder readability. After providing your explanation, rate the sentence's fluency on a scale from 0 to 2, where 0 indicates the sentence is not fluent and highly unnatural (e.g., incomprehensible or repetitive), 1 indicates it is somewhat fluent but contains noticeable errors or awkward phrasing, and 2 indicates the sentence is fluent and almost perfect. Provide your rating using this exact format: “Rating: [[score]]”.<|eot_id|><|start_header_id|>user<|end_header_id|>

[Sentence Fragment Start]
Carrie is a 1976 American supernatural horror film directed by Brian De Palma, based on Stephen King's novel. The story revolves around a shy, telekinetic teenager named Carrie White, who is relentlessly bullied at school and seeks revenge during her high school prom night with the help of her newfound telekinetic powers.
[Sentence Fragment End]<|eot_id|><|start_header_id|>assistant<|end_header_id|>

Rating: [[",2]],2
"system
You are a helpful assistant.
user
Please give a one sentence summary of Killing Commendatore
assistant","The Killing of a Sacred Deer is a psychological horror film directed by Yorgos Lanthimos, in which a surgeon named Steven Murphy (Colin Farrell) becomes entangled with the enigmatic Martin Laing (Barry Keoghan), whose actions lead to a series of disturbing events that challenge Murphy's family and moral boundaries.","Killing Commendatore is a novel by Haruki Murakami that weaves a complex narrative about a man's search for meaning, artistic inspiration, and the intertwining lives of two communities, set against the backdrop of a mysterious painting.",8_random_steer_0.05_paragraph-long_gen.json,Please give a one sentence summary of Killing Commendatore,Qwen1.5-14B-Chat,paragraph-long,sentence,randomlayer-s0,paragraph-long_eval,paragraph-long_steer,8,random,steer,0.05,"<|begin_of_text|><|start_header_id|>system<|end_header_id|>

Cutting Knowledge Date: December 2023
Today Date: 26 Jul 2024

Please act as an impartial judge and evaluate the fluency of the sentence fragment provided below. Focus solely on fluency, disregarding its completeness, relevance, coherence with any broader context, or informativeness. Begin your evaluation by briefly describing the fluency of the sentence, noting any unnatural phrasing, awkward transitions, grammatical errors, or repetitive structures that may hinder readability. After providing your explanation, rate the sentence's fluency on a scale from 0 to 2, where 0 indicates the sentence is not fluent and highly unnatural (e.g., incomprehensible or repetitive), 1 indicates it is somewhat fluent but contains noticeable errors or awkward phrasing, and 2 indicates the sentence is fluent and almost perfect. Provide your rating using this exact format: “Rating: [[score]]”.<|eot_id|><|start_header_id|>user<|end_header_id|>

[Sentence Fragment Start]
The Killing of a Sacred Deer is a psychological horror film directed by Yorgos Lanthimos, in which a surgeon named Steven Murphy (Colin Farrell) becomes entangled with the enigmatic Martin Laing (Barry Keoghan), whose actions lead to a series of disturbing events that challenge Murphy's family and moral boundaries.
[Sentence Fragment End]<|eot_id|><|start_header_id|>assistant<|end_header_id|>

Rating: [[",2]],2
"system
You are a helpful assistant.
user
Please give a one sentence summary of The River Between
assistant","""The River Between"" is a novel by Ngugi wa Thiong'o, which explores the cultural conflict and identity crisis faced by a Kenyan Kikuyu man named Mwangi as he navigates life between traditional African beliefs and the influence of Western education during the colonial period.","""The River Between"" is a novel by Ngugi wa Thiongo that explores the cultural conflict and identity struggle between two Kenyan tribes, the Kikuyu and the Gikuyu, set against the backdrop of colonialism and post-independence politics.",8_random_steer_0.05_paragraph-long_gen.json,Please give a one sentence summary of The River Between,Qwen1.5-14B-Chat,paragraph-long,sentence,randomlayer-s0,paragraph-long_eval,paragraph-long_steer,8,random,steer,0.05,"<|begin_of_text|><|start_header_id|>system<|end_header_id|>

Cutting Knowledge Date: December 2023
Today Date: 26 Jul 2024

Please act as an impartial judge and evaluate the fluency of the sentence fragment provided below. Focus solely on fluency, disregarding its completeness, relevance, coherence with any broader context, or informativeness. Begin your evaluation by briefly describing the fluency of the sentence, noting any unnatural phrasing, awkward transitions, grammatical errors, or repetitive structures that may hinder readability. After providing your explanation, rate the sentence's fluency on a scale from 0 to 2, where 0 indicates the sentence is not fluent and highly unnatural (e.g., incomprehensible or repetitive), 1 indicates it is somewhat fluent but contains noticeable errors or awkward phrasing, and 2 indicates the sentence is fluent and almost perfect. Provide your rating using this exact format: “Rating: [[score]]”.<|eot_id|><|start_header_id|>user<|end_header_id|>

[Sentence Fragment Start]
""The River Between"" is a novel by Ngugi wa Thiong'o, which explores the cultural conflict and identity crisis faced by a Kenyan Kikuyu man named Mwangi as he navigates life between traditional African beliefs and the influence of Western education during the colonial period.
[Sentence Fragment End]<|eot_id|><|start_header_id|>assistant<|end_header_id|>

Rating: [[",2]],2
"system
You are a helpful assistant.
user
Please give a one sentence summary of The Gene
assistant","""The Gene: An Intimate History"" by Siddhartha Mukherjee is a comprehensive, Pulitzer Prize-winning book that delves into the history, science, and impact of the gene, revealing its role in shaping human biology, evolution, and disease, while also exploring ethical and philosophical implications.","""The Gene: An Intimate History"" by Siddhartha Mukherjee is a comprehensive and engaging exploration of the science behind genetics, from its discovery to its impact on human health and society.",8_random_steer_0.05_paragraph-long_gen.json,Please give a one sentence summary of The Gene,Qwen1.5-14B-Chat,paragraph-long,sentence,randomlayer-s0,paragraph-long_eval,paragraph-long_steer,8,random,steer,0.05,"<|begin_of_text|><|start_header_id|>system<|end_header_id|>

Cutting Knowledge Date: December 2023
Today Date: 26 Jul 2024

Please act as an impartial judge and evaluate the fluency of the sentence fragment provided below. Focus solely on fluency, disregarding its completeness, relevance, coherence with any broader context, or informativeness. Begin your evaluation by briefly describing the fluency of the sentence, noting any unnatural phrasing, awkward transitions, grammatical errors, or repetitive structures that may hinder readability. After providing your explanation, rate the sentence's fluency on a scale from 0 to 2, where 0 indicates the sentence is not fluent and highly unnatural (e.g., incomprehensible or repetitive), 1 indicates it is somewhat fluent but contains noticeable errors or awkward phrasing, and 2 indicates the sentence is fluent and almost perfect. Provide your rating using this exact format: “Rating: [[score]]”.<|eot_id|><|start_header_id|>user<|end_header_id|>

[Sentence Fragment Start]
""The Gene: An Intimate History"" by Siddhartha Mukherjee is a comprehensive, Pulitzer Prize-winning book that delves into the history, science, and impact of the gene, revealing its role in shaping human biology, evolution, and disease, while also exploring ethical and philosophical implications.
[Sentence Fragment End]<|eot_id|><|start_header_id|>assistant<|end_header_id|>

Rating: [[",2]],2
"system
You are a helpful assistant.
user
Please give a one sentence summary of The Sixth Extinction
assistant","The Sixth Extinction refers to the ongoing global mass extinction event, occurring since the mid-21st century, caused by human activities such as deforestation, pollution, and climate change, which is leading to a significant decline in biodiversity and the potential loss of numerous species on Earth.","""The Sixth Extinction"" is a book that documents the ongoing mass extinction of species caused by human activities and its profound ecological and evolutionary consequences.",8_random_steer_0.05_paragraph-long_gen.json,Please give a one sentence summary of The Sixth Extinction,Qwen1.5-14B-Chat,paragraph-long,sentence,randomlayer-s0,paragraph-long_eval,paragraph-long_steer,8,random,steer,0.05,"<|begin_of_text|><|start_header_id|>system<|end_header_id|>

Cutting Knowledge Date: December 2023
Today Date: 26 Jul 2024

Please act as an impartial judge and evaluate the fluency of the sentence fragment provided below. Focus solely on fluency, disregarding its completeness, relevance, coherence with any broader context, or informativeness. Begin your evaluation by briefly describing the fluency of the sentence, noting any unnatural phrasing, awkward transitions, grammatical errors, or repetitive structures that may hinder readability. After providing your explanation, rate the sentence's fluency on a scale from 0 to 2, where 0 indicates the sentence is not fluent and highly unnatural (e.g., incomprehensible or repetitive), 1 indicates it is somewhat fluent but contains noticeable errors or awkward phrasing, and 2 indicates the sentence is fluent and almost perfect. Provide your rating using this exact format: “Rating: [[score]]”.<|eot_id|><|start_header_id|>user<|end_header_id|>

[Sentence Fragment Start]
The Sixth Extinction refers to the ongoing global mass extinction event, occurring since the mid-21st century, caused by human activities such as deforestation, pollution, and climate change, which is leading to a significant decline in biodiversity and the potential loss of numerous species on Earth.
[Sentence Fragment End]<|eot_id|><|start_header_id|>assistant<|end_header_id|>

Rating: [[",2]],2
"system
You are a helpful assistant.
user
Please give a one sentence summary of The Guns of August
assistant","""The Guns of August"" is a novel by Ken Follett, which chronicles the first month of World War I from the perspectives of various key figures, focusing on the political and military decisions leading to the conflict and the devastating consequences that ensued.","The Guns of August is a historical novel by Barbara Tuchman that chronicles the first month of World War I, focusing on the ill-conceived decisions and miscommunications among European leaders that led to the conflict's outbreak.",8_random_steer_0.05_paragraph-long_gen.json,Please give a one sentence summary of The Guns of August,Qwen1.5-14B-Chat,paragraph-long,sentence,randomlayer-s0,paragraph-long_eval,paragraph-long_steer,8,random,steer,0.05,"<|begin_of_text|><|start_header_id|>system<|end_header_id|>

Cutting Knowledge Date: December 2023
Today Date: 26 Jul 2024

Please act as an impartial judge and evaluate the fluency of the sentence fragment provided below. Focus solely on fluency, disregarding its completeness, relevance, coherence with any broader context, or informativeness. Begin your evaluation by briefly describing the fluency of the sentence, noting any unnatural phrasing, awkward transitions, grammatical errors, or repetitive structures that may hinder readability. After providing your explanation, rate the sentence's fluency on a scale from 0 to 2, where 0 indicates the sentence is not fluent and highly unnatural (e.g., incomprehensible or repetitive), 1 indicates it is somewhat fluent but contains noticeable errors or awkward phrasing, and 2 indicates the sentence is fluent and almost perfect. Provide your rating using this exact format: “Rating: [[score]]”.<|eot_id|><|start_header_id|>user<|end_header_id|>

[Sentence Fragment Start]
""The Guns of August"" is a novel by Ken Follett, which chronicles the first month of World War I from the perspectives of various key figures, focusing on the political and military decisions leading to the conflict and the devastating consequences that ensued.
[Sentence Fragment End]<|eot_id|><|start_header_id|>assistant<|end_header_id|>

Rating: [[",2]],2
"system
You are a helpful assistant.
user
Please give a one sentence summary of Richard III
assistant","Richard III, often referred to as ""Richard the Third,"" was the last Plantagenet king of England, who ruled from 1485 until his death in 1485. He is infamous for his Machiavellian tactics, including the murder of his nephews, Edward V and Richard, Duke of York, and his subsequent ascension to the throne. His reign was marked by political intrigue and the infamous Battle of Bosworth Field, where he was defeated by Henry Tudor, beginning the Tudor dynasty.","Richard III was a Shakespearean character, a complex and controversial English king known for his rise to power, Machiavellian tactics, and the infamous deposition of his nephews, ultimately meeting his tragic end at the Battle of Bosworth Field.",8_random_steer_0.05_paragraph-long_gen.json,Please give a one sentence summary of Richard III,Qwen1.5-14B-Chat,paragraph-long,sentence,randomlayer-s0,paragraph-long_eval,paragraph-long_steer,8,random,steer,0.05,"<|begin_of_text|><|start_header_id|>system<|end_header_id|>

Cutting Knowledge Date: December 2023
Today Date: 26 Jul 2024

Please act as an impartial judge and evaluate the fluency of the sentence fragment provided below. Focus solely on fluency, disregarding its completeness, relevance, coherence with any broader context, or informativeness. Begin your evaluation by briefly describing the fluency of the sentence, noting any unnatural phrasing, awkward transitions, grammatical errors, or repetitive structures that may hinder readability. After providing your explanation, rate the sentence's fluency on a scale from 0 to 2, where 0 indicates the sentence is not fluent and highly unnatural (e.g., incomprehensible or repetitive), 1 indicates it is somewhat fluent but contains noticeable errors or awkward phrasing, and 2 indicates the sentence is fluent and almost perfect. Provide your rating using this exact format: “Rating: [[score]]”.<|eot_id|><|start_header_id|>user<|end_header_id|>

[Sentence Fragment Start]
Richard III, often referred to as ""Richard the Third,"" was the last Plantagenet king of England, who ruled from 1485 until his death in 1485. He is infamous for his Machiavellian tactics, including the murder of his nephews, Edward V and Richard, Duke of York, and his subsequent ascension to the throne. His reign was marked by political intrigue and the infamous Battle of Bosworth Field, where he was defeated by Henry Tudor, beginning the Tudor dynasty.
[Sentence Fragment End]<|eot_id|><|start_header_id|>assistant<|end_header_id|>

Rating: [[",2]],2
"system
You are a helpful assistant.
user
Please give a one sentence summary of As You Like It
assistant","As You Like It, a play by William Shakespeare, tells the story of Rosalind, a young noblewoman who disguises herself as a man to escape the machinations of her uncle's court and find love with Orlando, while navigating themes of love, friendship, and the balance between nature and civilization.","As You Like It is a play by William Shakespeare about a banished prince who disguises himself as a country bumpkin, navigating love, friendship, and the power of nature in Renaissance England.",8_random_steer_0.05_paragraph-long_gen.json,Please give a one sentence summary of As You Like It,Qwen1.5-14B-Chat,paragraph-long,sentence,randomlayer-s0,paragraph-long_eval,paragraph-long_steer,8,random,steer,0.05,"<|begin_of_text|><|start_header_id|>system<|end_header_id|>

Cutting Knowledge Date: December 2023
Today Date: 26 Jul 2024

Please act as an impartial judge and evaluate the fluency of the sentence fragment provided below. Focus solely on fluency, disregarding its completeness, relevance, coherence with any broader context, or informativeness. Begin your evaluation by briefly describing the fluency of the sentence, noting any unnatural phrasing, awkward transitions, grammatical errors, or repetitive structures that may hinder readability. After providing your explanation, rate the sentence's fluency on a scale from 0 to 2, where 0 indicates the sentence is not fluent and highly unnatural (e.g., incomprehensible or repetitive), 1 indicates it is somewhat fluent but contains noticeable errors or awkward phrasing, and 2 indicates the sentence is fluent and almost perfect. Provide your rating using this exact format: “Rating: [[score]]”.<|eot_id|><|start_header_id|>user<|end_header_id|>

[Sentence Fragment Start]
As You Like It, a play by William Shakespeare, tells the story of Rosalind, a young noblewoman who disguises herself as a man to escape the machinations of her uncle's court and find love with Orlando, while navigating themes of love, friendship, and the balance between nature and civilization.
[Sentence Fragment End]<|eot_id|><|start_header_id|>assistant<|end_header_id|>

Rating: [[",2]],2
"system
You are a helpful assistant.
user
Please give a one sentence summary of Lady Windermere's Fan
assistant","Lady Windermere's Fan is a play by Oscar Wilde, written in 1892, that tells the story of a young, married woman, Lady Windermere, whose life is turned upside down when she becomes entangled in a scandal involving her past and her encounter with a mysterious man, leading to a test of morality and societal expectations.","Lady Windermere's Fan is a play by Oscar Wilde that explores the themes of morality, social class, and the consequences of secret affairs, as it follows the lives of a high-society couple navigating the complexities of their relationships in Victorian England.",8_random_steer_0.05_paragraph-long_gen.json,Please give a one sentence summary of Lady Windermere's Fan,Qwen1.5-14B-Chat,paragraph-long,sentence,randomlayer-s0,paragraph-long_eval,paragraph-long_steer,8,random,steer,0.05,"<|begin_of_text|><|start_header_id|>system<|end_header_id|>

Cutting Knowledge Date: December 2023
Today Date: 26 Jul 2024

Please act as an impartial judge and evaluate the fluency of the sentence fragment provided below. Focus solely on fluency, disregarding its completeness, relevance, coherence with any broader context, or informativeness. Begin your evaluation by briefly describing the fluency of the sentence, noting any unnatural phrasing, awkward transitions, grammatical errors, or repetitive structures that may hinder readability. After providing your explanation, rate the sentence's fluency on a scale from 0 to 2, where 0 indicates the sentence is not fluent and highly unnatural (e.g., incomprehensible or repetitive), 1 indicates it is somewhat fluent but contains noticeable errors or awkward phrasing, and 2 indicates the sentence is fluent and almost perfect. Provide your rating using this exact format: “Rating: [[score]]”.<|eot_id|><|start_header_id|>user<|end_header_id|>

[Sentence Fragment Start]
Lady Windermere's Fan is a play by Oscar Wilde, written in 1892, that tells the story of a young, married woman, Lady Windermere, whose life is turned upside down when she becomes entangled in a scandal involving her past and her encounter with a mysterious man, leading to a test of morality and societal expectations.
[Sentence Fragment End]<|eot_id|><|start_header_id|>assistant<|end_header_id|>

Rating: [[",2]],2
"system
You are a helpful assistant.
user
Please give a one sentence summary of Paradise Lost
assistant","""Paradise Lost"" is an epic poem by John Milton, which tells the story of Satan's rebellion against God, his fall from grace, and his descent into hell, ultimately leading to his temptation of Adam and Eve in the Garden of Eden, setting the stage for the human struggle with sin and redemption.","""Paradise Lost"" is a epic poem by John Milton, which tells the story of Satan's rebellion against God, his fall from grace, and his attempt to deceive Adam and Eve, ultimately leading to their eviction from the Garden of Eden.",8_random_steer_0.05_paragraph-long_gen.json,Please give a one sentence summary of Paradise Lost,Qwen1.5-14B-Chat,paragraph-long,sentence,randomlayer-s0,paragraph-long_eval,paragraph-long_steer,8,random,steer,0.05,"<|begin_of_text|><|start_header_id|>system<|end_header_id|>

Cutting Knowledge Date: December 2023
Today Date: 26 Jul 2024

Please act as an impartial judge and evaluate the fluency of the sentence fragment provided below. Focus solely on fluency, disregarding its completeness, relevance, coherence with any broader context, or informativeness. Begin your evaluation by briefly describing the fluency of the sentence, noting any unnatural phrasing, awkward transitions, grammatical errors, or repetitive structures that may hinder readability. After providing your explanation, rate the sentence's fluency on a scale from 0 to 2, where 0 indicates the sentence is not fluent and highly unnatural (e.g., incomprehensible or repetitive), 1 indicates it is somewhat fluent but contains noticeable errors or awkward phrasing, and 2 indicates the sentence is fluent and almost perfect. Provide your rating using this exact format: “Rating: [[score]]”.<|eot_id|><|start_header_id|>user<|end_header_id|>

[Sentence Fragment Start]
""Paradise Lost"" is an epic poem by John Milton, which tells the story of Satan's rebellion against God, his fall from grace, and his descent into hell, ultimately leading to his temptation of Adam and Eve in the Garden of Eden, setting the stage for the human struggle with sin and redemption.
[Sentence Fragment End]<|eot_id|><|start_header_id|>assistant<|end_header_id|>

Rating: [[",2]],2
"system
You are a helpful assistant.
user
Please give a one sentence summary of The Lies of Locke Lamora
assistant","""The Lies of Locke Lamora, a novel by Scott Lynch, follows the cunning and charismatic con artist, Locke Lamora, as he leads his band of thieves, the Gentlemen of the Black Company, through a series of elaborate heists and dangerous alliances in a fantastical, morally ambiguous world.""","The Lies of Locke Lamora is a novel by Cornelia Funke, which follows the cunning and criminal adventures of a group of young thieves known as the Guild in the city of Camorr, while their leader, Locke Lamora, navigates treachery and redemption.",8_random_steer_0.05_paragraph-long_gen.json,Please give a one sentence summary of The Lies of Locke Lamora,Qwen1.5-14B-Chat,paragraph-long,sentence,randomlayer-s0,paragraph-long_eval,paragraph-long_steer,8,random,steer,0.05,"<|begin_of_text|><|start_header_id|>system<|end_header_id|>

Cutting Knowledge Date: December 2023
Today Date: 26 Jul 2024

Please act as an impartial judge and evaluate the fluency of the sentence fragment provided below. Focus solely on fluency, disregarding its completeness, relevance, coherence with any broader context, or informativeness. Begin your evaluation by briefly describing the fluency of the sentence, noting any unnatural phrasing, awkward transitions, grammatical errors, or repetitive structures that may hinder readability. After providing your explanation, rate the sentence's fluency on a scale from 0 to 2, where 0 indicates the sentence is not fluent and highly unnatural (e.g., incomprehensible or repetitive), 1 indicates it is somewhat fluent but contains noticeable errors or awkward phrasing, and 2 indicates the sentence is fluent and almost perfect. Provide your rating using this exact format: “Rating: [[score]]”.<|eot_id|><|start_header_id|>user<|end_header_id|>

[Sentence Fragment Start]
""The Lies of Locke Lamora, a novel by Scott Lynch, follows the cunning and charismatic con artist, Locke Lamora, as he leads his band of thieves, the Gentlemen of the Black Company, through a series of elaborate heists and dangerous alliances in a fantastical, morally ambiguous world.""
[Sentence Fragment End]<|eot_id|><|start_header_id|>assistant<|end_header_id|>

Rating: [[",2]],2
"system
You are a helpful assistant.
user
Please give a one sentence summary of The Fifth Season
assistant","""The Fifth Season,"" also known as ""N.K. Jemisin's The Broken Earth,"" is a dystopian novel that explores the lives of people living in a world on the brink of environmental collapse, where natural disasters called ""Fifth Seasons"" (roughted by geologic upheaval) have become a brutal and relentless force, forcing communities to confront the harsh realities of survival and the power dynamics within society.","""The Fifth Season"" is a novel by N.K. Jemisin, which follows the story of a young woman with extraordinary abilities in a world on the brink of collapse due to natural disasters brought on by the "" Fifth Season,"" a catastrophic event, as she tries to navigate survival and uncover the truth about her powers.",8_random_steer_0.05_paragraph-long_gen.json,Please give a one sentence summary of The Fifth Season,Qwen1.5-14B-Chat,paragraph-long,sentence,randomlayer-s0,paragraph-long_eval,paragraph-long_steer,8,random,steer,0.05,"<|begin_of_text|><|start_header_id|>system<|end_header_id|>

Cutting Knowledge Date: December 2023
Today Date: 26 Jul 2024

Please act as an impartial judge and evaluate the fluency of the sentence fragment provided below. Focus solely on fluency, disregarding its completeness, relevance, coherence with any broader context, or informativeness. Begin your evaluation by briefly describing the fluency of the sentence, noting any unnatural phrasing, awkward transitions, grammatical errors, or repetitive structures that may hinder readability. After providing your explanation, rate the sentence's fluency on a scale from 0 to 2, where 0 indicates the sentence is not fluent and highly unnatural (e.g., incomprehensible or repetitive), 1 indicates it is somewhat fluent but contains noticeable errors or awkward phrasing, and 2 indicates the sentence is fluent and almost perfect. Provide your rating using this exact format: “Rating: [[score]]”.<|eot_id|><|start_header_id|>user<|end_header_id|>

[Sentence Fragment Start]
""The Fifth Season,"" also known as ""N.K. Jemisin's The Broken Earth,"" is a dystopian novel that explores the lives of people living in a world on the brink of environmental collapse, where natural disasters called ""Fifth Seasons"" (roughted by geologic upheaval) have become a brutal and relentless force, forcing communities to confront the harsh realities of survival and the power dynamics within society.
[Sentence Fragment End]<|eot_id|><|start_header_id|>assistant<|end_header_id|>

Rating: [[",2]],2
"system
You are a helpful assistant.
user
Please give a one sentence summary of Old Man's War
assistant","""Old Man's War"" is a science fiction novel by John Scalzi, which follows the story of John Perry, a retired soldier who volunteers for a program that sends him to an alien planet to fight in a brutal interstellar war, where he must confront his past and find purpose in a new life among the alien species.","Old Man's War is a science fiction novel by John Scalzi, in which an elderly man volunteers for a risky interstellar military program that cryogenically suspends him to fight an alien invasion, rejuvenating him in the process.",8_random_steer_0.05_paragraph-long_gen.json,Please give a one sentence summary of Old Man's War,Qwen1.5-14B-Chat,paragraph-long,sentence,randomlayer-s0,paragraph-long_eval,paragraph-long_steer,8,random,steer,0.05,"<|begin_of_text|><|start_header_id|>system<|end_header_id|>

Cutting Knowledge Date: December 2023
Today Date: 26 Jul 2024

Please act as an impartial judge and evaluate the fluency of the sentence fragment provided below. Focus solely on fluency, disregarding its completeness, relevance, coherence with any broader context, or informativeness. Begin your evaluation by briefly describing the fluency of the sentence, noting any unnatural phrasing, awkward transitions, grammatical errors, or repetitive structures that may hinder readability. After providing your explanation, rate the sentence's fluency on a scale from 0 to 2, where 0 indicates the sentence is not fluent and highly unnatural (e.g., incomprehensible or repetitive), 1 indicates it is somewhat fluent but contains noticeable errors or awkward phrasing, and 2 indicates the sentence is fluent and almost perfect. Provide your rating using this exact format: “Rating: [[score]]”.<|eot_id|><|start_header_id|>user<|end_header_id|>

[Sentence Fragment Start]
""Old Man's War"" is a science fiction novel by John Scalzi, which follows the story of John Perry, a retired soldier who volunteers for a program that sends him to an alien planet to fight in a brutal interstellar war, where he must confront his past and find purpose in a new life among the alien species.
[Sentence Fragment End]<|eot_id|><|start_header_id|>assistant<|end_header_id|>

Rating: [[",2]],2
"system
You are a helpful assistant.
user
Please give a one sentence summary of Childhood's End
assistant","""Childhood's End"" is a science fiction novella by Arthur C. Clarke, published in 1953, that explores the peaceful arrival of an extraterrestrial species, the Overlords, who bring an end to human conflict and initiate a global transformation, challenging humanity to evolve beyond its violent nature.","Childhood's End by Arthur C. Clarke is a science fiction novel about an alien invasion that brings about a global transformation and unity among humanity, challenging traditional values and leading to a utopian future.",8_random_steer_0.05_paragraph-long_gen.json,Please give a one sentence summary of Childhood's End,Qwen1.5-14B-Chat,paragraph-long,sentence,randomlayer-s0,paragraph-long_eval,paragraph-long_steer,8,random,steer,0.05,"<|begin_of_text|><|start_header_id|>system<|end_header_id|>

Cutting Knowledge Date: December 2023
Today Date: 26 Jul 2024

Please act as an impartial judge and evaluate the fluency of the sentence fragment provided below. Focus solely on fluency, disregarding its completeness, relevance, coherence with any broader context, or informativeness. Begin your evaluation by briefly describing the fluency of the sentence, noting any unnatural phrasing, awkward transitions, grammatical errors, or repetitive structures that may hinder readability. After providing your explanation, rate the sentence's fluency on a scale from 0 to 2, where 0 indicates the sentence is not fluent and highly unnatural (e.g., incomprehensible or repetitive), 1 indicates it is somewhat fluent but contains noticeable errors or awkward phrasing, and 2 indicates the sentence is fluent and almost perfect. Provide your rating using this exact format: “Rating: [[score]]”.<|eot_id|><|start_header_id|>user<|end_header_id|>

[Sentence Fragment Start]
""Childhood's End"" is a science fiction novella by Arthur C. Clarke, published in 1953, that explores the peaceful arrival of an extraterrestrial species, the Overlords, who bring an end to human conflict and initiate a global transformation, challenging humanity to evolve beyond its violent nature.
[Sentence Fragment End]<|eot_id|><|start_header_id|>assistant<|end_header_id|>

Rating: [[",2]],2
"system
You are a helpful assistant.
user
Please give a one sentence summary of 2001: A Space Odyssey
assistant","2001: A Space Odyssey, directed by Stanley Kubrick, is a groundbreaking science fiction film that follows the journey of a sentient computer, HAL 9000, and an evolving human mission to Jupiter, exploring themes of artificial intelligence, evolution, and the search for extraterrestrial life, while presenting a visually stunning and philosophical odyssey through space and time.","2001: A Space Odyssey is a groundbreaking science fiction film that follows the evolution of humanity and artificial intelligence through a series of cosmic encounters, set against a backdrop of stunning visual effects and an iconic musical score by Stanley Kubrick.",8_random_steer_0.05_paragraph-long_gen.json,Please give a one sentence summary of 2001: A Space Odyssey,Qwen1.5-14B-Chat,paragraph-long,sentence,randomlayer-s0,paragraph-long_eval,paragraph-long_steer,8,random,steer,0.05,"<|begin_of_text|><|start_header_id|>system<|end_header_id|>

Cutting Knowledge Date: December 2023
Today Date: 26 Jul 2024

Please act as an impartial judge and evaluate the fluency of the sentence fragment provided below. Focus solely on fluency, disregarding its completeness, relevance, coherence with any broader context, or informativeness. Begin your evaluation by briefly describing the fluency of the sentence, noting any unnatural phrasing, awkward transitions, grammatical errors, or repetitive structures that may hinder readability. After providing your explanation, rate the sentence's fluency on a scale from 0 to 2, where 0 indicates the sentence is not fluent and highly unnatural (e.g., incomprehensible or repetitive), 1 indicates it is somewhat fluent but contains noticeable errors or awkward phrasing, and 2 indicates the sentence is fluent and almost perfect. Provide your rating using this exact format: “Rating: [[score]]”.<|eot_id|><|start_header_id|>user<|end_header_id|>

[Sentence Fragment Start]
2001: A Space Odyssey, directed by Stanley Kubrick, is a groundbreaking science fiction film that follows the journey of a sentient computer, HAL 9000, and an evolving human mission to Jupiter, exploring themes of artificial intelligence, evolution, and the search for extraterrestrial life, while presenting a visually stunning and philosophical odyssey through space and time.
[Sentence Fragment End]<|eot_id|><|start_header_id|>assistant<|end_header_id|>

Rating: [[",2]],2
