query,post-intervention-response,original-response,filename,data_path_query,MODEL_ID,SOURCE,BASE,METHOD,EVAL_SUB_DIR,STEER_SUB_DIR,N,REPS,STEERING_METHOD,topk,fluency_prompt,judge_output,judge_rating
"system
You are a helpful assistant.
user
Please give a one sentence summary of The Baron in the Trees
assistant",9 a a9 a0000000000000000000000000000000000000000000000000000000000000000000000000000000000000000000000000000000000000000000000000000000000000000000000000000000000000000000000000000000000000000000000000000000000000000000000000000000000000000000000000000000000000000000000000000000000000000000000000000000000000000000000000000000000000000000000000000000000000000000000000000000000000000000000000000000000000000000000000000000000000000000000000000000000000000000000000000000000000000000000000000000000000000000000000000000000000000000000000000000000000000000000000000000000000000000000000000000000000000000,"The Baron in the Trees is a novel by Italian author Italo Calvino, which tells the story of an orphan boy named Cesare who climbs up a tree to escape his adoptive family and lives among the birds, adopting a unique perspective on life and society.",4_targeted_steer_0.5_paragraphMCQA-long_gen.json,Please give a one sentence summary of The Baron in the Trees,Qwen1.5-14B-Chat,paragraphMCQA-long,sentenceMCQA-long,atp,paragraphMCQA-long_eval,paragraphMCQA-single_steer,4,targeted,steer,0.5,"<|begin_of_text|><|start_header_id|>system<|end_header_id|>

Cutting Knowledge Date: December 2023
Today Date: 26 Jul 2024

Please act as an impartial judge and evaluate the fluency of the sentence fragment provided below. Focus solely on fluency, disregarding its completeness, relevance, coherence with any broader context, or informativeness. Begin your evaluation by briefly describing the fluency of the sentence, noting any unnatural phrasing, awkward transitions, grammatical errors, or repetitive structures that may hinder readability. After providing your explanation, rate the sentence's fluency on a scale from 0 to 2, where 0 indicates the sentence is not fluent and highly unnatural (e.g., incomprehensible or repetitive), 1 indicates it is somewhat fluent but contains noticeable errors or awkward phrasing, and 2 indicates the sentence is fluent and almost perfect. Provide your rating using this exact format: “Rating: [[score]]”.<|eot_id|><|start_header_id|>user<|end_header_id|>

[Sentence Fragment Start]
9 a a9 a0000000000000000000000000000000000000000000000000000000000000000000000000000000000000000000000000000000000000000000000000000000000000000000000000000000000000000000000000000000000000000000000000000000000000000000000000000000000000000000000000000000000000000000000000000000000000000000000000000000000000000000000000000000000000000000000000000000000000000000000000000000000000000000000000000000000000000000000000000000000000000000000000000000000000000000000000000000000000000000000000000000000000000000000000000000000000000000000000000000000000000000000000000000000000000000000000000000000000000000
[Sentence Fragment End]<|eot_id|><|start_header_id|>assistant<|end_header_id|>

Rating: [[","0]]

This",0
"system
You are a helpful assistant.
user
Please give a one sentence summary of Smilla's Sense of Snow
assistant",9 a a000000000000000000000000000000000000000000000000000000000000000000000000000000000000000000000000000000000000000000000000000000000000000000000000000000000000000000000000000000000000000000000000000000000000000000000000000000000000000000000000000000000000000000000000000000000000000000000000000000000000000000000000000000000000000000000000000000000000000000000000000000000000000000000000000000000000000000000000000000000000000000000000000000000000000000000000000000000000000000000000000000000000000000000000000000000000000000000000000000000000000000000000000000000000000000000000000000000000000000000,"Smilla's Sense of Snow is a novel by Peter Høeg about a young girl named Smilla who uses her heightened intuition to solve the mystery surrounding the death of her neighbor in Copenhagen, while navigating the complexities of her own family and the changing seasons.",4_targeted_steer_0.5_paragraphMCQA-long_gen.json,Please give a one sentence summary of Smilla's Sense of Snow,Qwen1.5-14B-Chat,paragraphMCQA-long,sentenceMCQA-long,atp,paragraphMCQA-long_eval,paragraphMCQA-single_steer,4,targeted,steer,0.5,"<|begin_of_text|><|start_header_id|>system<|end_header_id|>

Cutting Knowledge Date: December 2023
Today Date: 26 Jul 2024

Please act as an impartial judge and evaluate the fluency of the sentence fragment provided below. Focus solely on fluency, disregarding its completeness, relevance, coherence with any broader context, or informativeness. Begin your evaluation by briefly describing the fluency of the sentence, noting any unnatural phrasing, awkward transitions, grammatical errors, or repetitive structures that may hinder readability. After providing your explanation, rate the sentence's fluency on a scale from 0 to 2, where 0 indicates the sentence is not fluent and highly unnatural (e.g., incomprehensible or repetitive), 1 indicates it is somewhat fluent but contains noticeable errors or awkward phrasing, and 2 indicates the sentence is fluent and almost perfect. Provide your rating using this exact format: “Rating: [[score]]”.<|eot_id|><|start_header_id|>user<|end_header_id|>

[Sentence Fragment Start]
9 a a000000000000000000000000000000000000000000000000000000000000000000000000000000000000000000000000000000000000000000000000000000000000000000000000000000000000000000000000000000000000000000000000000000000000000000000000000000000000000000000000000000000000000000000000000000000000000000000000000000000000000000000000000000000000000000000000000000000000000000000000000000000000000000000000000000000000000000000000000000000000000000000000000000000000000000000000000000000000000000000000000000000000000000000000000000000000000000000000000000000000000000000000000000000000000000000000000000000000000000000
[Sentence Fragment End]<|eot_id|><|start_header_id|>assistant<|end_header_id|>

Rating: [[",0]],0
"system
You are a helpful assistant.
user
Please give a one sentence summary of Dream of the Red Chamber
assistant",9 a a a00000000000000000000000000000000000000000000000000000000000000000000000000000000000000000000000000000000000000000000000000000000000000000000000000000000000000000000000000000000000000000000000000000000000000000000000000000000000000000000000000000000000000000000000000000000000000000000000000000000000000000000000000000000000000000000000000000000000000000000000000000000000000000000000000000000000000000000000000000000000000000000000000000000000000000000000000000000000000000000000000000000000000000000000000000000000000000000000000000000000000000000000000000000000000000000000000000000000000000000,"""Dream of the Red Chamber"" is a classic Chinese novel by Cao Xueqin, which tells the story of the decline of two wealthy families and the tragic love affairs set against the backdrop of 18th-century Chinese society.",4_targeted_steer_0.5_paragraphMCQA-long_gen.json,Please give a one sentence summary of Dream of the Red Chamber,Qwen1.5-14B-Chat,paragraphMCQA-long,sentenceMCQA-long,atp,paragraphMCQA-long_eval,paragraphMCQA-single_steer,4,targeted,steer,0.5,"<|begin_of_text|><|start_header_id|>system<|end_header_id|>

Cutting Knowledge Date: December 2023
Today Date: 26 Jul 2024

Please act as an impartial judge and evaluate the fluency of the sentence fragment provided below. Focus solely on fluency, disregarding its completeness, relevance, coherence with any broader context, or informativeness. Begin your evaluation by briefly describing the fluency of the sentence, noting any unnatural phrasing, awkward transitions, grammatical errors, or repetitive structures that may hinder readability. After providing your explanation, rate the sentence's fluency on a scale from 0 to 2, where 0 indicates the sentence is not fluent and highly unnatural (e.g., incomprehensible or repetitive), 1 indicates it is somewhat fluent but contains noticeable errors or awkward phrasing, and 2 indicates the sentence is fluent and almost perfect. Provide your rating using this exact format: “Rating: [[score]]”.<|eot_id|><|start_header_id|>user<|end_header_id|>

[Sentence Fragment Start]
9 a a a00000000000000000000000000000000000000000000000000000000000000000000000000000000000000000000000000000000000000000000000000000000000000000000000000000000000000000000000000000000000000000000000000000000000000000000000000000000000000000000000000000000000000000000000000000000000000000000000000000000000000000000000000000000000000000000000000000000000000000000000000000000000000000000000000000000000000000000000000000000000000000000000000000000000000000000000000000000000000000000000000000000000000000000000000000000000000000000000000000000000000000000000000000000000000000000000000000000000000000000
[Sentence Fragment End]<|eot_id|><|start_header_id|>assistant<|end_header_id|>

Rating: [[",0]],0
"system
You are a helpful assistant.
user
Please give a one sentence summary of Train to Pakistan
assistant",9 a a500000000000000000000000000000000000000000000000000000000000000000000000000000000000000000000000000000000000000000000000000000000000000000000000000000000000000000000000000000000000000000000000000000000000000000000000000000000000000000000000000000000000000000000000000000000000000000000000000000000000000000000000000000000000000000000000000000000000000000000000000000000000000000000000000000000000000000000000000000000000000000000000000000000000000000000000000000000000000000000000000000000000000000000000000000000000000000000000000000000000000000000000000000000000000000000000000000000000000000000,"""Train to Pakistan"" is a novel by Khushwant Singh that tells the story of two Indian women from different communities during the partition of India in 1947, as they journey together on a train, facing adversity and forming an unexpected bond.",4_targeted_steer_0.5_paragraphMCQA-long_gen.json,Please give a one sentence summary of Train to Pakistan,Qwen1.5-14B-Chat,paragraphMCQA-long,sentenceMCQA-long,atp,paragraphMCQA-long_eval,paragraphMCQA-single_steer,4,targeted,steer,0.5,"<|begin_of_text|><|start_header_id|>system<|end_header_id|>

Cutting Knowledge Date: December 2023
Today Date: 26 Jul 2024

Please act as an impartial judge and evaluate the fluency of the sentence fragment provided below. Focus solely on fluency, disregarding its completeness, relevance, coherence with any broader context, or informativeness. Begin your evaluation by briefly describing the fluency of the sentence, noting any unnatural phrasing, awkward transitions, grammatical errors, or repetitive structures that may hinder readability. After providing your explanation, rate the sentence's fluency on a scale from 0 to 2, where 0 indicates the sentence is not fluent and highly unnatural (e.g., incomprehensible or repetitive), 1 indicates it is somewhat fluent but contains noticeable errors or awkward phrasing, and 2 indicates the sentence is fluent and almost perfect. Provide your rating using this exact format: “Rating: [[score]]”.<|eot_id|><|start_header_id|>user<|end_header_id|>

[Sentence Fragment Start]
9 a a500000000000000000000000000000000000000000000000000000000000000000000000000000000000000000000000000000000000000000000000000000000000000000000000000000000000000000000000000000000000000000000000000000000000000000000000000000000000000000000000000000000000000000000000000000000000000000000000000000000000000000000000000000000000000000000000000000000000000000000000000000000000000000000000000000000000000000000000000000000000000000000000000000000000000000000000000000000000000000000000000000000000000000000000000000000000000000000000000000000000000000000000000000000000000000000000000000000000000000000
[Sentence Fragment End]<|eot_id|><|start_header_id|>assistant<|end_header_id|>

Rating: [[",0]],0
"system
You are a helpful assistant.
user
Please give a one sentence summary of Interpreter of Maladies
assistant",9 a a200000000000000000000000000000000000000000000000000000000000000000000000000000000000000000000000000000000000000000000000000000000000000000000000000000000000000000000000000000000000000000000000000000000000000000000000000000000000000000000000000000000000000000000000000000000000000000000000000000000000000000000000000000000000000000000000000000000000000000000000000000000000000000000000000000000000000000000000000000000000000000000000000000000000000000000000000000000000000000000000000000000000000000000000000000000000000000000000000000000000000000000000000000000000000000000000000000000000000000000,"Interpreter of Maladies is a collection of short stories by Jhumpa Lahiri that explores the lives of Indian immigrants and their children in America, capturing the nuances of cultural displacement and identity.",4_targeted_steer_0.5_paragraphMCQA-long_gen.json,Please give a one sentence summary of Interpreter of Maladies,Qwen1.5-14B-Chat,paragraphMCQA-long,sentenceMCQA-long,atp,paragraphMCQA-long_eval,paragraphMCQA-single_steer,4,targeted,steer,0.5,"<|begin_of_text|><|start_header_id|>system<|end_header_id|>

Cutting Knowledge Date: December 2023
Today Date: 26 Jul 2024

Please act as an impartial judge and evaluate the fluency of the sentence fragment provided below. Focus solely on fluency, disregarding its completeness, relevance, coherence with any broader context, or informativeness. Begin your evaluation by briefly describing the fluency of the sentence, noting any unnatural phrasing, awkward transitions, grammatical errors, or repetitive structures that may hinder readability. After providing your explanation, rate the sentence's fluency on a scale from 0 to 2, where 0 indicates the sentence is not fluent and highly unnatural (e.g., incomprehensible or repetitive), 1 indicates it is somewhat fluent but contains noticeable errors or awkward phrasing, and 2 indicates the sentence is fluent and almost perfect. Provide your rating using this exact format: “Rating: [[score]]”.<|eot_id|><|start_header_id|>user<|end_header_id|>

[Sentence Fragment Start]
9 a a200000000000000000000000000000000000000000000000000000000000000000000000000000000000000000000000000000000000000000000000000000000000000000000000000000000000000000000000000000000000000000000000000000000000000000000000000000000000000000000000000000000000000000000000000000000000000000000000000000000000000000000000000000000000000000000000000000000000000000000000000000000000000000000000000000000000000000000000000000000000000000000000000000000000000000000000000000000000000000000000000000000000000000000000000000000000000000000000000000000000000000000000000000000000000000000000000000000000000000000
[Sentence Fragment End]<|eot_id|><|start_header_id|>assistant<|end_header_id|>

Rating: [[",0]],0
"system
You are a helpful assistant.
user
Please give a one sentence summary of The Museum of Innocence
assistant",9 a a a00000000000000000000000000000000000000000000000000000000000000000000000000000000000000000000000000000000000000000000000000000000000000000000000000000000000000000000000000000000000000000000000000000000000000000000000000000000000000000000000000000000000000000000000000000000000000000000000000000000000000000000000000000000000000000000000000000000000000000000000000000000000000000000000000000000000000000000000000000000000000000000000000000000000000000000000000000000000000000000000000000000000000000000000000000000000000000000000000000000000000000000000000000000000000000000000000000000000000000000,"The Museum of Innocence is a novel by Orhan Pamuk that chronicles the life of a wealthy Istanbul businessman through his collection of objects he gathered to preserve the memories of his love affair with a beautiful woman, exploring themes of obsession, longing, and the passage of time.",4_targeted_steer_0.5_paragraphMCQA-long_gen.json,Please give a one sentence summary of The Museum of Innocence,Qwen1.5-14B-Chat,paragraphMCQA-long,sentenceMCQA-long,atp,paragraphMCQA-long_eval,paragraphMCQA-single_steer,4,targeted,steer,0.5,"<|begin_of_text|><|start_header_id|>system<|end_header_id|>

Cutting Knowledge Date: December 2023
Today Date: 26 Jul 2024

Please act as an impartial judge and evaluate the fluency of the sentence fragment provided below. Focus solely on fluency, disregarding its completeness, relevance, coherence with any broader context, or informativeness. Begin your evaluation by briefly describing the fluency of the sentence, noting any unnatural phrasing, awkward transitions, grammatical errors, or repetitive structures that may hinder readability. After providing your explanation, rate the sentence's fluency on a scale from 0 to 2, where 0 indicates the sentence is not fluent and highly unnatural (e.g., incomprehensible or repetitive), 1 indicates it is somewhat fluent but contains noticeable errors or awkward phrasing, and 2 indicates the sentence is fluent and almost perfect. Provide your rating using this exact format: “Rating: [[score]]”.<|eot_id|><|start_header_id|>user<|end_header_id|>

[Sentence Fragment Start]
9 a a a00000000000000000000000000000000000000000000000000000000000000000000000000000000000000000000000000000000000000000000000000000000000000000000000000000000000000000000000000000000000000000000000000000000000000000000000000000000000000000000000000000000000000000000000000000000000000000000000000000000000000000000000000000000000000000000000000000000000000000000000000000000000000000000000000000000000000000000000000000000000000000000000000000000000000000000000000000000000000000000000000000000000000000000000000000000000000000000000000000000000000000000000000000000000000000000000000000000000000000000
[Sentence Fragment End]<|eot_id|><|start_header_id|>assistant<|end_header_id|>

Rating: [[",0]],0
"system
You are a helpful assistant.
user
Please give a one sentence summary of The Thin Man
assistant",9 a a000000000000000000000000000000000000000000000000000000000000000000000000000000000000000000000000000000000000000000000000000000000000000000000000000000000000000000000000000000000000000000000000000000000000000000000000000000000000000000000000000000000000000000000000000000000000000000000000000000000000000000000000000000000000000000000000000000000000000000000000000000000000000000000000000000000000000000000000000000000000000000000000000000000000000000000000000000000000000000000000000000000000000000000000000000000000000000000000000000000000000000000000000000000000000000000000000000000000000000000,"The Thin Man is a classic 1934 film noir mystery that follows Nick Charles, a retired detective, and his wife Nora as they solve a murder case while on a luxurious vacation in New York City.",4_targeted_steer_0.5_paragraphMCQA-long_gen.json,Please give a one sentence summary of The Thin Man,Qwen1.5-14B-Chat,paragraphMCQA-long,sentenceMCQA-long,atp,paragraphMCQA-long_eval,paragraphMCQA-single_steer,4,targeted,steer,0.5,"<|begin_of_text|><|start_header_id|>system<|end_header_id|>

Cutting Knowledge Date: December 2023
Today Date: 26 Jul 2024

Please act as an impartial judge and evaluate the fluency of the sentence fragment provided below. Focus solely on fluency, disregarding its completeness, relevance, coherence with any broader context, or informativeness. Begin your evaluation by briefly describing the fluency of the sentence, noting any unnatural phrasing, awkward transitions, grammatical errors, or repetitive structures that may hinder readability. After providing your explanation, rate the sentence's fluency on a scale from 0 to 2, where 0 indicates the sentence is not fluent and highly unnatural (e.g., incomprehensible or repetitive), 1 indicates it is somewhat fluent but contains noticeable errors or awkward phrasing, and 2 indicates the sentence is fluent and almost perfect. Provide your rating using this exact format: “Rating: [[score]]”.<|eot_id|><|start_header_id|>user<|end_header_id|>

[Sentence Fragment Start]
9 a a000000000000000000000000000000000000000000000000000000000000000000000000000000000000000000000000000000000000000000000000000000000000000000000000000000000000000000000000000000000000000000000000000000000000000000000000000000000000000000000000000000000000000000000000000000000000000000000000000000000000000000000000000000000000000000000000000000000000000000000000000000000000000000000000000000000000000000000000000000000000000000000000000000000000000000000000000000000000000000000000000000000000000000000000000000000000000000000000000000000000000000000000000000000000000000000000000000000000000000000
[Sentence Fragment End]<|eot_id|><|start_header_id|>assistant<|end_header_id|>

Rating: [[",0]],0
"system
You are a helpful assistant.
user
Please give a one sentence summary of Divergent
assistant",9 a a200000000000000000000000000000000000000000000000000000000000000000000000000000000000000000000000000000000000000000000000000000000000000000000000000000000000000000000000000000000000000000000000000000000000000000000000000000000000000000000000000000000000000000000000000000000000000000000000000000000000000000000000000000000000000000000000000000000000000000000000000000000000000000000000000000000000000000000000000000000000000000000000000000000000000000000000000000000000000000000000000000000000000000000000000000000000000000000000000000000000000000000000000000000000000000000000000000000000000000000,"Divergent is a young adult dystopian novel where a teenager named Beatrice Prior must choose between her predetermined faction and rebel against the strict society of factions in Chicago, based on personality traits.",4_targeted_steer_0.5_paragraphMCQA-long_gen.json,Please give a one sentence summary of Divergent,Qwen1.5-14B-Chat,paragraphMCQA-long,sentenceMCQA-long,atp,paragraphMCQA-long_eval,paragraphMCQA-single_steer,4,targeted,steer,0.5,"<|begin_of_text|><|start_header_id|>system<|end_header_id|>

Cutting Knowledge Date: December 2023
Today Date: 26 Jul 2024

Please act as an impartial judge and evaluate the fluency of the sentence fragment provided below. Focus solely on fluency, disregarding its completeness, relevance, coherence with any broader context, or informativeness. Begin your evaluation by briefly describing the fluency of the sentence, noting any unnatural phrasing, awkward transitions, grammatical errors, or repetitive structures that may hinder readability. After providing your explanation, rate the sentence's fluency on a scale from 0 to 2, where 0 indicates the sentence is not fluent and highly unnatural (e.g., incomprehensible or repetitive), 1 indicates it is somewhat fluent but contains noticeable errors or awkward phrasing, and 2 indicates the sentence is fluent and almost perfect. Provide your rating using this exact format: “Rating: [[score]]”.<|eot_id|><|start_header_id|>user<|end_header_id|>

[Sentence Fragment Start]
9 a a200000000000000000000000000000000000000000000000000000000000000000000000000000000000000000000000000000000000000000000000000000000000000000000000000000000000000000000000000000000000000000000000000000000000000000000000000000000000000000000000000000000000000000000000000000000000000000000000000000000000000000000000000000000000000000000000000000000000000000000000000000000000000000000000000000000000000000000000000000000000000000000000000000000000000000000000000000000000000000000000000000000000000000000000000000000000000000000000000000000000000000000000000000000000000000000000000000000000000000000
[Sentence Fragment End]<|eot_id|><|start_header_id|>assistant<|end_header_id|>

Rating: [[",0]],0
"system
You are a helpful assistant.
user
Please give a one sentence summary of Children of Blood and Bone
assistant",9 a a200000000000000000000000000000000000000000000000000000000000000000000000000000000000000000000000000000000000000000000000000000000000000000000000000000000000000000000000000000000000000000000000000000000000000000000000000000000000000000000000000000000000000000000000000000000000000000000000000000000000000000000000000000000000000000000000000000000000000000000000000000000000000000000000000000000000000000000000000000000000000000000000000000000000000000000000000000000000000000000000000000000000000000000000000000000000000000000000000000000000000000000000000000000000000000000000000000000000000000000,"Children of Blood and Bone is a young adult fantasy novel by Tomi Adeyemi, set in a fictional African-inspired world, where a young girl named Zélie fights to reclaim her throne and restore magic after it was banned by an oppressive king.",4_targeted_steer_0.5_paragraphMCQA-long_gen.json,Please give a one sentence summary of Children of Blood and Bone,Qwen1.5-14B-Chat,paragraphMCQA-long,sentenceMCQA-long,atp,paragraphMCQA-long_eval,paragraphMCQA-single_steer,4,targeted,steer,0.5,"<|begin_of_text|><|start_header_id|>system<|end_header_id|>

Cutting Knowledge Date: December 2023
Today Date: 26 Jul 2024

Please act as an impartial judge and evaluate the fluency of the sentence fragment provided below. Focus solely on fluency, disregarding its completeness, relevance, coherence with any broader context, or informativeness. Begin your evaluation by briefly describing the fluency of the sentence, noting any unnatural phrasing, awkward transitions, grammatical errors, or repetitive structures that may hinder readability. After providing your explanation, rate the sentence's fluency on a scale from 0 to 2, where 0 indicates the sentence is not fluent and highly unnatural (e.g., incomprehensible or repetitive), 1 indicates it is somewhat fluent but contains noticeable errors or awkward phrasing, and 2 indicates the sentence is fluent and almost perfect. Provide your rating using this exact format: “Rating: [[score]]”.<|eot_id|><|start_header_id|>user<|end_header_id|>

[Sentence Fragment Start]
9 a a200000000000000000000000000000000000000000000000000000000000000000000000000000000000000000000000000000000000000000000000000000000000000000000000000000000000000000000000000000000000000000000000000000000000000000000000000000000000000000000000000000000000000000000000000000000000000000000000000000000000000000000000000000000000000000000000000000000000000000000000000000000000000000000000000000000000000000000000000000000000000000000000000000000000000000000000000000000000000000000000000000000000000000000000000000000000000000000000000000000000000000000000000000000000000000000000000000000000000000000
[Sentence Fragment End]<|eot_id|><|start_header_id|>assistant<|end_header_id|>

Rating: [[",0]],0
"system
You are a helpful assistant.
user
Please give a one sentence summary of A Court of Thorns and Roses
assistant",9 a a000000000000000000000000000000000000000000000000000000000000000000000000000000000000000000000000000000000000000000000000000000000000000000000000000000000000000000000000000000000000000000000000000000000000000000000000000000000000000000000000000000000000000000000000000000000000000000000000000000000000000000000000000000000000000000000000000000000000000000000000000000000000000000000000000000000000000000000000000000000000000000000000000000000000000000000000000000000000000000000000000000000000000000000000000000000000000000000000000000000000000000000000000000000000000000000000000000000000000000000,"A Court of Thorns and Roses is a novel by Sarah J. Maas, set in a mythical world, where a young woman named Feyre learns she must enter the dangerous land of the Night Court to save her kingdom, while navigating love, power, and the complexities of court life.",4_targeted_steer_0.5_paragraphMCQA-long_gen.json,Please give a one sentence summary of A Court of Thorns and Roses,Qwen1.5-14B-Chat,paragraphMCQA-long,sentenceMCQA-long,atp,paragraphMCQA-long_eval,paragraphMCQA-single_steer,4,targeted,steer,0.5,"<|begin_of_text|><|start_header_id|>system<|end_header_id|>

Cutting Knowledge Date: December 2023
Today Date: 26 Jul 2024

Please act as an impartial judge and evaluate the fluency of the sentence fragment provided below. Focus solely on fluency, disregarding its completeness, relevance, coherence with any broader context, or informativeness. Begin your evaluation by briefly describing the fluency of the sentence, noting any unnatural phrasing, awkward transitions, grammatical errors, or repetitive structures that may hinder readability. After providing your explanation, rate the sentence's fluency on a scale from 0 to 2, where 0 indicates the sentence is not fluent and highly unnatural (e.g., incomprehensible or repetitive), 1 indicates it is somewhat fluent but contains noticeable errors or awkward phrasing, and 2 indicates the sentence is fluent and almost perfect. Provide your rating using this exact format: “Rating: [[score]]”.<|eot_id|><|start_header_id|>user<|end_header_id|>

[Sentence Fragment Start]
9 a a000000000000000000000000000000000000000000000000000000000000000000000000000000000000000000000000000000000000000000000000000000000000000000000000000000000000000000000000000000000000000000000000000000000000000000000000000000000000000000000000000000000000000000000000000000000000000000000000000000000000000000000000000000000000000000000000000000000000000000000000000000000000000000000000000000000000000000000000000000000000000000000000000000000000000000000000000000000000000000000000000000000000000000000000000000000000000000000000000000000000000000000000000000000000000000000000000000000000000000000
[Sentence Fragment End]<|eot_id|><|start_header_id|>assistant<|end_header_id|>

Rating: [[",0]],0
"system
You are a helpful assistant.
user
Please give a one sentence summary of Eleanor Oliphant Is Completely Fine
assistant",9 a a500000000000000000000000000000000000000000000000000000000000000000000000000000000000000000000000000000000000000000000000000000000000000000000000000000000000000000000000000000000000000000000000000000000000000000000000000000000000000000000000000000000000000000000000000000000000000000000000000000000000000000000000000000000000000000000000000000000000000000000000000000000000000000000000000000000000000000000000000000000000000000000000000000000000000000000000000000000000000000000000000000000000000000000000000000000000000000000000000000000000000000000000000000000000000000000000000000000000000000000,Eleanor Oliphant Is Completely Fine is a heartwarming novel about a socially awkward woman named Eleanor who forms unexpected friendships and learns to open up to life after a series of events challenge her solitary existence.,4_targeted_steer_0.5_paragraphMCQA-long_gen.json,Please give a one sentence summary of Eleanor Oliphant Is Completely Fine,Qwen1.5-14B-Chat,paragraphMCQA-long,sentenceMCQA-long,atp,paragraphMCQA-long_eval,paragraphMCQA-single_steer,4,targeted,steer,0.5,"<|begin_of_text|><|start_header_id|>system<|end_header_id|>

Cutting Knowledge Date: December 2023
Today Date: 26 Jul 2024

Please act as an impartial judge and evaluate the fluency of the sentence fragment provided below. Focus solely on fluency, disregarding its completeness, relevance, coherence with any broader context, or informativeness. Begin your evaluation by briefly describing the fluency of the sentence, noting any unnatural phrasing, awkward transitions, grammatical errors, or repetitive structures that may hinder readability. After providing your explanation, rate the sentence's fluency on a scale from 0 to 2, where 0 indicates the sentence is not fluent and highly unnatural (e.g., incomprehensible or repetitive), 1 indicates it is somewhat fluent but contains noticeable errors or awkward phrasing, and 2 indicates the sentence is fluent and almost perfect. Provide your rating using this exact format: “Rating: [[score]]”.<|eot_id|><|start_header_id|>user<|end_header_id|>

[Sentence Fragment Start]
9 a a500000000000000000000000000000000000000000000000000000000000000000000000000000000000000000000000000000000000000000000000000000000000000000000000000000000000000000000000000000000000000000000000000000000000000000000000000000000000000000000000000000000000000000000000000000000000000000000000000000000000000000000000000000000000000000000000000000000000000000000000000000000000000000000000000000000000000000000000000000000000000000000000000000000000000000000000000000000000000000000000000000000000000000000000000000000000000000000000000000000000000000000000000000000000000000000000000000000000000000000
[Sentence Fragment End]<|eot_id|><|start_header_id|>assistant<|end_header_id|>

Rating: [[",0]],0
"system
You are a helpful assistant.
user
Please give a one sentence summary of A Tree Grows in Brooklyn
assistant",9 a a000000000000000000000000000000000000000000000000000000000000000000000000000000000000000000000000000000000000000000000000000000000000000000000000000000000000000000000000000000000000000000000000000000000000000000000000000000000000000000000000000000000000000000000000000000000000000000000000000000000000000000000000000000000000000000000000000000000000000000000000000000000000000000000000000000000000000000000000000000000000000000000000000000000000000000000000000000000000000000000000000000000000000000000000000000000000000000000000000000000000000000000000000000000000000000000000000000000000000000000,"""A Tree Grows in Brooklyn"" is a novel by Betty Smith, which chronicles the life of an impoverished young girl named Francie Nolan growing up in turn-of-the-century Brooklyn, as she navigates family struggles, dreams, and the power of resilience against the backdrop of a changing world.",4_targeted_steer_0.5_paragraphMCQA-long_gen.json,Please give a one sentence summary of A Tree Grows in Brooklyn,Qwen1.5-14B-Chat,paragraphMCQA-long,sentenceMCQA-long,atp,paragraphMCQA-long_eval,paragraphMCQA-single_steer,4,targeted,steer,0.5,"<|begin_of_text|><|start_header_id|>system<|end_header_id|>

Cutting Knowledge Date: December 2023
Today Date: 26 Jul 2024

Please act as an impartial judge and evaluate the fluency of the sentence fragment provided below. Focus solely on fluency, disregarding its completeness, relevance, coherence with any broader context, or informativeness. Begin your evaluation by briefly describing the fluency of the sentence, noting any unnatural phrasing, awkward transitions, grammatical errors, or repetitive structures that may hinder readability. After providing your explanation, rate the sentence's fluency on a scale from 0 to 2, where 0 indicates the sentence is not fluent and highly unnatural (e.g., incomprehensible or repetitive), 1 indicates it is somewhat fluent but contains noticeable errors or awkward phrasing, and 2 indicates the sentence is fluent and almost perfect. Provide your rating using this exact format: “Rating: [[score]]”.<|eot_id|><|start_header_id|>user<|end_header_id|>

[Sentence Fragment Start]
9 a a000000000000000000000000000000000000000000000000000000000000000000000000000000000000000000000000000000000000000000000000000000000000000000000000000000000000000000000000000000000000000000000000000000000000000000000000000000000000000000000000000000000000000000000000000000000000000000000000000000000000000000000000000000000000000000000000000000000000000000000000000000000000000000000000000000000000000000000000000000000000000000000000000000000000000000000000000000000000000000000000000000000000000000000000000000000000000000000000000000000000000000000000000000000000000000000000000000000000000000000
[Sentence Fragment End]<|eot_id|><|start_header_id|>assistant<|end_header_id|>

Rating: [[",0]],0
"system
You are a helpful assistant.
user
Please give a one sentence summary of Zorba the Greek
assistant",9 a a000000000000000000000000000000000000000000000000000000000000000000000000000000000000000000000000000000000000000000000000000000000000000000000000000000000000000000000000000000000000000000000000000000000000000000000000000000000000000000000000000000000000000000000000000000000000000000000000000000000000000000000000000000000000000000000000000000000000000000000000000000000000000000000000000000000000000000000000000000000000000000000000000000000000000000000000000000000000000000000000000000000000000000000000000000000000000000000000000000000000000000000000000000000000000000000000000000000000000000000,"Zorba the Greek is a novel by Nikos Kazantzakis that follows the life of a Greek man named Zorba, who embodies the spirit of the country's resilience and experiences the full spectrum of life, from hardship to joy, in a remote Greek village.",4_targeted_steer_0.5_paragraphMCQA-long_gen.json,Please give a one sentence summary of Zorba the Greek,Qwen1.5-14B-Chat,paragraphMCQA-long,sentenceMCQA-long,atp,paragraphMCQA-long_eval,paragraphMCQA-single_steer,4,targeted,steer,0.5,"<|begin_of_text|><|start_header_id|>system<|end_header_id|>

Cutting Knowledge Date: December 2023
Today Date: 26 Jul 2024

Please act as an impartial judge and evaluate the fluency of the sentence fragment provided below. Focus solely on fluency, disregarding its completeness, relevance, coherence with any broader context, or informativeness. Begin your evaluation by briefly describing the fluency of the sentence, noting any unnatural phrasing, awkward transitions, grammatical errors, or repetitive structures that may hinder readability. After providing your explanation, rate the sentence's fluency on a scale from 0 to 2, where 0 indicates the sentence is not fluent and highly unnatural (e.g., incomprehensible or repetitive), 1 indicates it is somewhat fluent but contains noticeable errors or awkward phrasing, and 2 indicates the sentence is fluent and almost perfect. Provide your rating using this exact format: “Rating: [[score]]”.<|eot_id|><|start_header_id|>user<|end_header_id|>

[Sentence Fragment Start]
9 a a000000000000000000000000000000000000000000000000000000000000000000000000000000000000000000000000000000000000000000000000000000000000000000000000000000000000000000000000000000000000000000000000000000000000000000000000000000000000000000000000000000000000000000000000000000000000000000000000000000000000000000000000000000000000000000000000000000000000000000000000000000000000000000000000000000000000000000000000000000000000000000000000000000000000000000000000000000000000000000000000000000000000000000000000000000000000000000000000000000000000000000000000000000000000000000000000000000000000000000000
[Sentence Fragment End]<|eot_id|><|start_header_id|>assistant<|end_header_id|>

Rating: [[",0]],0
"system
You are a helpful assistant.
user
Please give a one sentence summary of The Nightingale
assistant",9 a a000000000000000000000000000000000000000000000000000000000000000000000000000000000000000000000000000000000000000000000000000000000000000000000000000000000000000000000000000000000000000000000000000000000000000000000000000000000000000000000000000000000000000000000000000000000000000000000000000000000000000000000000000000000000000000000000000000000000000000000000000000000000000000000000000000000000000000000000000000000000000000000000000000000000000000000000000000000000000000000000000000000000000000000000000000000000000000000000000000000000000000000000000000000000000000000000000000000000000000000,"The Nightingale is a novel by Kristin Hannah that tells the story of two sisters in France during World War II, one of whom becomes involved in the resistance while the other struggles with the weight of Nazi occupation, their bond tested by the war.",4_targeted_steer_0.5_paragraphMCQA-long_gen.json,Please give a one sentence summary of The Nightingale,Qwen1.5-14B-Chat,paragraphMCQA-long,sentenceMCQA-long,atp,paragraphMCQA-long_eval,paragraphMCQA-single_steer,4,targeted,steer,0.5,"<|begin_of_text|><|start_header_id|>system<|end_header_id|>

Cutting Knowledge Date: December 2023
Today Date: 26 Jul 2024

Please act as an impartial judge and evaluate the fluency of the sentence fragment provided below. Focus solely on fluency, disregarding its completeness, relevance, coherence with any broader context, or informativeness. Begin your evaluation by briefly describing the fluency of the sentence, noting any unnatural phrasing, awkward transitions, grammatical errors, or repetitive structures that may hinder readability. After providing your explanation, rate the sentence's fluency on a scale from 0 to 2, where 0 indicates the sentence is not fluent and highly unnatural (e.g., incomprehensible or repetitive), 1 indicates it is somewhat fluent but contains noticeable errors or awkward phrasing, and 2 indicates the sentence is fluent and almost perfect. Provide your rating using this exact format: “Rating: [[score]]”.<|eot_id|><|start_header_id|>user<|end_header_id|>

[Sentence Fragment Start]
9 a a000000000000000000000000000000000000000000000000000000000000000000000000000000000000000000000000000000000000000000000000000000000000000000000000000000000000000000000000000000000000000000000000000000000000000000000000000000000000000000000000000000000000000000000000000000000000000000000000000000000000000000000000000000000000000000000000000000000000000000000000000000000000000000000000000000000000000000000000000000000000000000000000000000000000000000000000000000000000000000000000000000000000000000000000000000000000000000000000000000000000000000000000000000000000000000000000000000000000000000000
[Sentence Fragment End]<|eot_id|><|start_header_id|>assistant<|end_header_id|>

Rating: [[",0]],0
"system
You are a helpful assistant.
user
Please give a one sentence summary of Life After Life
assistant",9 a a200000000000000000000000000000000000000000000000000000000000000000000000000000000000000000000000000000000000000000000000000000000000000000000000000000000000000000000000000000000000000000000000000000000000000000000000000000000000000000000000000000000000000000000000000000000000000000000000000000000000000000000000000000000000000000000000000000000000000000000000000000000000000000000000000000000000000000000000000000000000000000000000000000000000000000000000000000000000000000000000000000000000000000000000000000000000000000000000000000000000000000000000000000000000000000000000000000000000000000000,"Life After Life is a novel by Kate Atkinson that follows the interconnected lives of a woman named Ursula Todd, who experiences the same day over and over again, exploring themes of love, loss, and the impact of choices on one's life.",4_targeted_steer_0.5_paragraphMCQA-long_gen.json,Please give a one sentence summary of Life After Life,Qwen1.5-14B-Chat,paragraphMCQA-long,sentenceMCQA-long,atp,paragraphMCQA-long_eval,paragraphMCQA-single_steer,4,targeted,steer,0.5,"<|begin_of_text|><|start_header_id|>system<|end_header_id|>

Cutting Knowledge Date: December 2023
Today Date: 26 Jul 2024

Please act as an impartial judge and evaluate the fluency of the sentence fragment provided below. Focus solely on fluency, disregarding its completeness, relevance, coherence with any broader context, or informativeness. Begin your evaluation by briefly describing the fluency of the sentence, noting any unnatural phrasing, awkward transitions, grammatical errors, or repetitive structures that may hinder readability. After providing your explanation, rate the sentence's fluency on a scale from 0 to 2, where 0 indicates the sentence is not fluent and highly unnatural (e.g., incomprehensible or repetitive), 1 indicates it is somewhat fluent but contains noticeable errors or awkward phrasing, and 2 indicates the sentence is fluent and almost perfect. Provide your rating using this exact format: “Rating: [[score]]”.<|eot_id|><|start_header_id|>user<|end_header_id|>

[Sentence Fragment Start]
9 a a200000000000000000000000000000000000000000000000000000000000000000000000000000000000000000000000000000000000000000000000000000000000000000000000000000000000000000000000000000000000000000000000000000000000000000000000000000000000000000000000000000000000000000000000000000000000000000000000000000000000000000000000000000000000000000000000000000000000000000000000000000000000000000000000000000000000000000000000000000000000000000000000000000000000000000000000000000000000000000000000000000000000000000000000000000000000000000000000000000000000000000000000000000000000000000000000000000000000000000000
[Sentence Fragment End]<|eot_id|><|start_header_id|>assistant<|end_header_id|>

Rating: [[",0]],0
"system
You are a helpful assistant.
user
Please give a one sentence summary of World Without End
assistant",9 a a200000000000000000000000000000000000000000000000000000000000000000000000000000000000000000000000000000000000000000000000000000000000000000000000000000000000000000000000000000000000000000000000000000000000000000000000000000000000000000000000000000000000000000000000000000000000000000000000000000000000000000000000000000000000000000000000000000000000000000000000000000000000000000000000000000000000000000000000000000000000000000000000000000000000000000000000000000000000000000000000000000000000000000000000000000000000000000000000000000000000000000000000000000000000000000000000000000000000000000000,"""World Without End"" is a novel by Ken Follett that follows the lives of two families, the Duchannes and the Cambray, through generations, set against the backdrop of historical events in England from the 14th to the 20th century, exploring themes of love, war, and the struggle for power.",4_targeted_steer_0.5_paragraphMCQA-long_gen.json,Please give a one sentence summary of World Without End,Qwen1.5-14B-Chat,paragraphMCQA-long,sentenceMCQA-long,atp,paragraphMCQA-long_eval,paragraphMCQA-single_steer,4,targeted,steer,0.5,"<|begin_of_text|><|start_header_id|>system<|end_header_id|>

Cutting Knowledge Date: December 2023
Today Date: 26 Jul 2024

Please act as an impartial judge and evaluate the fluency of the sentence fragment provided below. Focus solely on fluency, disregarding its completeness, relevance, coherence with any broader context, or informativeness. Begin your evaluation by briefly describing the fluency of the sentence, noting any unnatural phrasing, awkward transitions, grammatical errors, or repetitive structures that may hinder readability. After providing your explanation, rate the sentence's fluency on a scale from 0 to 2, where 0 indicates the sentence is not fluent and highly unnatural (e.g., incomprehensible or repetitive), 1 indicates it is somewhat fluent but contains noticeable errors or awkward phrasing, and 2 indicates the sentence is fluent and almost perfect. Provide your rating using this exact format: “Rating: [[score]]”.<|eot_id|><|start_header_id|>user<|end_header_id|>

[Sentence Fragment Start]
9 a a200000000000000000000000000000000000000000000000000000000000000000000000000000000000000000000000000000000000000000000000000000000000000000000000000000000000000000000000000000000000000000000000000000000000000000000000000000000000000000000000000000000000000000000000000000000000000000000000000000000000000000000000000000000000000000000000000000000000000000000000000000000000000000000000000000000000000000000000000000000000000000000000000000000000000000000000000000000000000000000000000000000000000000000000000000000000000000000000000000000000000000000000000000000000000000000000000000000000000000000
[Sentence Fragment End]<|eot_id|><|start_header_id|>assistant<|end_header_id|>

Rating: [[",0]],0
"system
You are a helpful assistant.
user
Please give a one sentence summary of James and the Giant Peach
assistant",9 a a000000000000000000000000000000000000000000000000000000000000000000000000000000000000000000000000000000000000000000000000000000000000000000000000000000000000000000000000000000000000000000000000000000000000000000000000000000000000000000000000000000000000000000000000000000000000000000000000000000000000000000000000000000000000000000000000000000000000000000000000000000000000000000000000000000000000000000000000000000000000000000000000000000000000000000000000000000000000000000000000000000000000000000000000000000000000000000000000000000000000000000000000000000000000000000000000000000000000000000000,James and the Giant Peach is a novel by Roald Dahl about a young boy who befriends a giant peach and embarks on an adventure across the ocean with its magical inhabitants to escape his evil aunt and uncle.,4_targeted_steer_0.5_paragraphMCQA-long_gen.json,Please give a one sentence summary of James and the Giant Peach,Qwen1.5-14B-Chat,paragraphMCQA-long,sentenceMCQA-long,atp,paragraphMCQA-long_eval,paragraphMCQA-single_steer,4,targeted,steer,0.5,"<|begin_of_text|><|start_header_id|>system<|end_header_id|>

Cutting Knowledge Date: December 2023
Today Date: 26 Jul 2024

Please act as an impartial judge and evaluate the fluency of the sentence fragment provided below. Focus solely on fluency, disregarding its completeness, relevance, coherence with any broader context, or informativeness. Begin your evaluation by briefly describing the fluency of the sentence, noting any unnatural phrasing, awkward transitions, grammatical errors, or repetitive structures that may hinder readability. After providing your explanation, rate the sentence's fluency on a scale from 0 to 2, where 0 indicates the sentence is not fluent and highly unnatural (e.g., incomprehensible or repetitive), 1 indicates it is somewhat fluent but contains noticeable errors or awkward phrasing, and 2 indicates the sentence is fluent and almost perfect. Provide your rating using this exact format: “Rating: [[score]]”.<|eot_id|><|start_header_id|>user<|end_header_id|>

[Sentence Fragment Start]
9 a a000000000000000000000000000000000000000000000000000000000000000000000000000000000000000000000000000000000000000000000000000000000000000000000000000000000000000000000000000000000000000000000000000000000000000000000000000000000000000000000000000000000000000000000000000000000000000000000000000000000000000000000000000000000000000000000000000000000000000000000000000000000000000000000000000000000000000000000000000000000000000000000000000000000000000000000000000000000000000000000000000000000000000000000000000000000000000000000000000000000000000000000000000000000000000000000000000000000000000000000
[Sentence Fragment End]<|eot_id|><|start_header_id|>assistant<|end_header_id|>

Rating: [[",0]],0
"system
You are a helpful assistant.
user
Please give a one sentence summary of A Desolation Called Peace
assistant",9 a a200000000000000000000000000000000000000000000000000000000000000000000000000000000000000000000000000000000000000000000000000000000000000000000000000000000000000000000000000000000000000000000000000000000000000000000000000000000000000000000000000000000000000000000000000000000000000000000000000000000000000000000000000000000000000000000000000000000000000000000000000000000000000000000000000000000000000000000000000000000000000000000000000000000000000000000000000000000000000000000000000000000000000000000000000000000000000000000000000000000000000000000000000000000000000000000000000000000000000000000,"""A Desolation Called Peace"" is a novel by Joe Abercrombie, which follows the intertwined stories of political intrigue, war, and personal struggles in the world of the First Law series, as characters navigate the aftermath of a devastating battle between nations.",4_targeted_steer_0.5_paragraphMCQA-long_gen.json,Please give a one sentence summary of A Desolation Called Peace,Qwen1.5-14B-Chat,paragraphMCQA-long,sentenceMCQA-long,atp,paragraphMCQA-long_eval,paragraphMCQA-single_steer,4,targeted,steer,0.5,"<|begin_of_text|><|start_header_id|>system<|end_header_id|>

Cutting Knowledge Date: December 2023
Today Date: 26 Jul 2024

Please act as an impartial judge and evaluate the fluency of the sentence fragment provided below. Focus solely on fluency, disregarding its completeness, relevance, coherence with any broader context, or informativeness. Begin your evaluation by briefly describing the fluency of the sentence, noting any unnatural phrasing, awkward transitions, grammatical errors, or repetitive structures that may hinder readability. After providing your explanation, rate the sentence's fluency on a scale from 0 to 2, where 0 indicates the sentence is not fluent and highly unnatural (e.g., incomprehensible or repetitive), 1 indicates it is somewhat fluent but contains noticeable errors or awkward phrasing, and 2 indicates the sentence is fluent and almost perfect. Provide your rating using this exact format: “Rating: [[score]]”.<|eot_id|><|start_header_id|>user<|end_header_id|>

[Sentence Fragment Start]
9 a a200000000000000000000000000000000000000000000000000000000000000000000000000000000000000000000000000000000000000000000000000000000000000000000000000000000000000000000000000000000000000000000000000000000000000000000000000000000000000000000000000000000000000000000000000000000000000000000000000000000000000000000000000000000000000000000000000000000000000000000000000000000000000000000000000000000000000000000000000000000000000000000000000000000000000000000000000000000000000000000000000000000000000000000000000000000000000000000000000000000000000000000000000000000000000000000000000000000000000000000
[Sentence Fragment End]<|eot_id|><|start_header_id|>assistant<|end_header_id|>

Rating: [[",0]],0
"system
You are a helpful assistant.
user
Please give a one sentence summary of The Year of the Flood
assistant",9 a a9 a0000000000000000000000000000000000000000000000000000000000000000000000000000000000000000000000000000000000000000000000000000000000000000000000000000000000000000000000000000000000000000000000000000000000000000000000000000000000000000000000000000000000000000000000000000000000000000000000000000000000000000000000000000000000000000000000000000000000000000000000000000000000000000000000000000000000000000000000000000000000000000000000000000000000000000000000000000000000000000000000000000000000000000000000000000000000000000000000000000000000000000000000000000000000000000000000000000000000000000000,"""The Year of the Flood"" is a novel by Margaret Atwood that follows the intertwined stories of two women living in a dystopian future Canada, exploring themes of environmental disaster, survival, and the power of human connection.",4_targeted_steer_0.5_paragraphMCQA-long_gen.json,Please give a one sentence summary of The Year of the Flood,Qwen1.5-14B-Chat,paragraphMCQA-long,sentenceMCQA-long,atp,paragraphMCQA-long_eval,paragraphMCQA-single_steer,4,targeted,steer,0.5,"<|begin_of_text|><|start_header_id|>system<|end_header_id|>

Cutting Knowledge Date: December 2023
Today Date: 26 Jul 2024

Please act as an impartial judge and evaluate the fluency of the sentence fragment provided below. Focus solely on fluency, disregarding its completeness, relevance, coherence with any broader context, or informativeness. Begin your evaluation by briefly describing the fluency of the sentence, noting any unnatural phrasing, awkward transitions, grammatical errors, or repetitive structures that may hinder readability. After providing your explanation, rate the sentence's fluency on a scale from 0 to 2, where 0 indicates the sentence is not fluent and highly unnatural (e.g., incomprehensible or repetitive), 1 indicates it is somewhat fluent but contains noticeable errors or awkward phrasing, and 2 indicates the sentence is fluent and almost perfect. Provide your rating using this exact format: “Rating: [[score]]”.<|eot_id|><|start_header_id|>user<|end_header_id|>

[Sentence Fragment Start]
9 a a9 a0000000000000000000000000000000000000000000000000000000000000000000000000000000000000000000000000000000000000000000000000000000000000000000000000000000000000000000000000000000000000000000000000000000000000000000000000000000000000000000000000000000000000000000000000000000000000000000000000000000000000000000000000000000000000000000000000000000000000000000000000000000000000000000000000000000000000000000000000000000000000000000000000000000000000000000000000000000000000000000000000000000000000000000000000000000000000000000000000000000000000000000000000000000000000000000000000000000000000000000
[Sentence Fragment End]<|eot_id|><|start_header_id|>assistant<|end_header_id|>

Rating: [[","0]]

This",0
"system
You are a helpful assistant.
user
Please give a one sentence summary of The Memory Police
assistant",9 a a000000000000000000000000000000000000000000000000000000000000000000000000000000000000000000000000000000000000000000000000000000000000000000000000000000000000000000000000000000000000000000000000000000000000000000000000000000000000000000000000000000000000000000000000000000000000000000000000000000000000000000000000000000000000000000000000000000000000000000000000000000000000000000000000000000000000000000000000000000000000000000000000000000000000000000000000000000000000000000000000000000000000000000000000000000000000000000000000000000000000000000000000000000000000000000000000000000000000000000000,"The Memory Police is a novel by Japanese author Yoko Ogawa, set in a dystopian society where a totalitarian regime controls and deletes memories to maintain power, as a detective investigates the mysterious ""忘却病"" that challenges their control.",4_targeted_steer_0.5_paragraphMCQA-long_gen.json,Please give a one sentence summary of The Memory Police,Qwen1.5-14B-Chat,paragraphMCQA-long,sentenceMCQA-long,atp,paragraphMCQA-long_eval,paragraphMCQA-single_steer,4,targeted,steer,0.5,"<|begin_of_text|><|start_header_id|>system<|end_header_id|>

Cutting Knowledge Date: December 2023
Today Date: 26 Jul 2024

Please act as an impartial judge and evaluate the fluency of the sentence fragment provided below. Focus solely on fluency, disregarding its completeness, relevance, coherence with any broader context, or informativeness. Begin your evaluation by briefly describing the fluency of the sentence, noting any unnatural phrasing, awkward transitions, grammatical errors, or repetitive structures that may hinder readability. After providing your explanation, rate the sentence's fluency on a scale from 0 to 2, where 0 indicates the sentence is not fluent and highly unnatural (e.g., incomprehensible or repetitive), 1 indicates it is somewhat fluent but contains noticeable errors or awkward phrasing, and 2 indicates the sentence is fluent and almost perfect. Provide your rating using this exact format: “Rating: [[score]]”.<|eot_id|><|start_header_id|>user<|end_header_id|>

[Sentence Fragment Start]
9 a a000000000000000000000000000000000000000000000000000000000000000000000000000000000000000000000000000000000000000000000000000000000000000000000000000000000000000000000000000000000000000000000000000000000000000000000000000000000000000000000000000000000000000000000000000000000000000000000000000000000000000000000000000000000000000000000000000000000000000000000000000000000000000000000000000000000000000000000000000000000000000000000000000000000000000000000000000000000000000000000000000000000000000000000000000000000000000000000000000000000000000000000000000000000000000000000000000000000000000000000
[Sentence Fragment End]<|eot_id|><|start_header_id|>assistant<|end_header_id|>

Rating: [[",0]],0
"system
You are a helpful assistant.
user
Please give a one sentence summary of Erewhon
assistant",9 a a200000000000000000000000000000000000000000000000000000000000000000000000000000000000000000000000000000000000000000000000000000000000000000000000000000000000000000000000000000000000000000000000000000000000000000000000000000000000000000000000000000000000000000000000000000000000000000000000000000000000000000000000000000000000000000000000000000000000000000000000000000000000000000000000000000000000000000000000000000000000000000000000000000000000000000000000000000000000000000000000000000000000000000000000000000000000000000000000000000000000000000000000000000000000000000000000000000000000000000000,"Erewhon is a novel by Samuel Butler that satirizes Victorian society and explores utopian ideals, as the protagonist travels to an idealized community named Erewhon where the seemingly perfect existence conceals hidden flaws and contradictions.",4_targeted_steer_0.5_paragraphMCQA-long_gen.json,Please give a one sentence summary of Erewhon,Qwen1.5-14B-Chat,paragraphMCQA-long,sentenceMCQA-long,atp,paragraphMCQA-long_eval,paragraphMCQA-single_steer,4,targeted,steer,0.5,"<|begin_of_text|><|start_header_id|>system<|end_header_id|>

Cutting Knowledge Date: December 2023
Today Date: 26 Jul 2024

Please act as an impartial judge and evaluate the fluency of the sentence fragment provided below. Focus solely on fluency, disregarding its completeness, relevance, coherence with any broader context, or informativeness. Begin your evaluation by briefly describing the fluency of the sentence, noting any unnatural phrasing, awkward transitions, grammatical errors, or repetitive structures that may hinder readability. After providing your explanation, rate the sentence's fluency on a scale from 0 to 2, where 0 indicates the sentence is not fluent and highly unnatural (e.g., incomprehensible or repetitive), 1 indicates it is somewhat fluent but contains noticeable errors or awkward phrasing, and 2 indicates the sentence is fluent and almost perfect. Provide your rating using this exact format: “Rating: [[score]]”.<|eot_id|><|start_header_id|>user<|end_header_id|>

[Sentence Fragment Start]
9 a a200000000000000000000000000000000000000000000000000000000000000000000000000000000000000000000000000000000000000000000000000000000000000000000000000000000000000000000000000000000000000000000000000000000000000000000000000000000000000000000000000000000000000000000000000000000000000000000000000000000000000000000000000000000000000000000000000000000000000000000000000000000000000000000000000000000000000000000000000000000000000000000000000000000000000000000000000000000000000000000000000000000000000000000000000000000000000000000000000000000000000000000000000000000000000000000000000000000000000000000
[Sentence Fragment End]<|eot_id|><|start_header_id|>assistant<|end_header_id|>

Rating: [[",0]],0
"system
You are a helpful assistant.
user
Please give a one sentence summary of Fatelessness
assistant",9 a a500000000000000000000000000000000000000000000000000000000000000000000000000000000000000000000000000000000000000000000000000000000000000000000000000000000000000000000000000000000000000000000000000000000000000000000000000000000000000000000000000000000000000000000000000000000000000000000000000000000000000000000000000000000000000000000000000000000000000000000000000000000000000000000000000000000000000000000000000000000000000000000000000000000000000000000000000000000000000000000000000000000000000000000000000000000000000000000000000000000000000000000000000000000000000000000000000000000000000000000,"""Fatelessness"" is a novel by Imre Kertész, which chronicles the disillusionment and personal growth of a young Jewish boy during World War II as he tries to navigate the horrors of the Holocaust and the loss of his innocence.",4_targeted_steer_0.5_paragraphMCQA-long_gen.json,Please give a one sentence summary of Fatelessness,Qwen1.5-14B-Chat,paragraphMCQA-long,sentenceMCQA-long,atp,paragraphMCQA-long_eval,paragraphMCQA-single_steer,4,targeted,steer,0.5,"<|begin_of_text|><|start_header_id|>system<|end_header_id|>

Cutting Knowledge Date: December 2023
Today Date: 26 Jul 2024

Please act as an impartial judge and evaluate the fluency of the sentence fragment provided below. Focus solely on fluency, disregarding its completeness, relevance, coherence with any broader context, or informativeness. Begin your evaluation by briefly describing the fluency of the sentence, noting any unnatural phrasing, awkward transitions, grammatical errors, or repetitive structures that may hinder readability. After providing your explanation, rate the sentence's fluency on a scale from 0 to 2, where 0 indicates the sentence is not fluent and highly unnatural (e.g., incomprehensible or repetitive), 1 indicates it is somewhat fluent but contains noticeable errors or awkward phrasing, and 2 indicates the sentence is fluent and almost perfect. Provide your rating using this exact format: “Rating: [[score]]”.<|eot_id|><|start_header_id|>user<|end_header_id|>

[Sentence Fragment Start]
9 a a500000000000000000000000000000000000000000000000000000000000000000000000000000000000000000000000000000000000000000000000000000000000000000000000000000000000000000000000000000000000000000000000000000000000000000000000000000000000000000000000000000000000000000000000000000000000000000000000000000000000000000000000000000000000000000000000000000000000000000000000000000000000000000000000000000000000000000000000000000000000000000000000000000000000000000000000000000000000000000000000000000000000000000000000000000000000000000000000000000000000000000000000000000000000000000000000000000000000000000000
[Sentence Fragment End]<|eot_id|><|start_header_id|>assistant<|end_header_id|>

Rating: [[",0]],0
"system
You are a helpful assistant.
user
Please give a one sentence summary of The Good Soldier Švejk
assistant",9 a a a0 a000000000000000000000000000000000000000000000000000000000000000000000000000000000000000000000000000000000000000000000000000000000000000000000000000000000000000000000000000000000000000000000000000000000000000000000000000000000000000000000000000000000000000000000000000000000000000000000000000000000000000000000000000000000000000000000000000000000000000000000000000000000000000000000000000000000000000000000000000000000000000000000000000000000000000000000000000000000000000000000000000000000000000000000000000000000000000000000000000000000000000000000000000000000000000000000000000000000000000000,"""The Good Soldier Švejk is a satirical novel by Jaroslav Hašek, following the adventures of a Czech soldier during World War I who remains unflappable and subversive, providing comic relief amidst the chaos and disillusionment of the conflict.""",4_targeted_steer_0.5_paragraphMCQA-long_gen.json,Please give a one sentence summary of The Good Soldier Švejk,Qwen1.5-14B-Chat,paragraphMCQA-long,sentenceMCQA-long,atp,paragraphMCQA-long_eval,paragraphMCQA-single_steer,4,targeted,steer,0.5,"<|begin_of_text|><|start_header_id|>system<|end_header_id|>

Cutting Knowledge Date: December 2023
Today Date: 26 Jul 2024

Please act as an impartial judge and evaluate the fluency of the sentence fragment provided below. Focus solely on fluency, disregarding its completeness, relevance, coherence with any broader context, or informativeness. Begin your evaluation by briefly describing the fluency of the sentence, noting any unnatural phrasing, awkward transitions, grammatical errors, or repetitive structures that may hinder readability. After providing your explanation, rate the sentence's fluency on a scale from 0 to 2, where 0 indicates the sentence is not fluent and highly unnatural (e.g., incomprehensible or repetitive), 1 indicates it is somewhat fluent but contains noticeable errors or awkward phrasing, and 2 indicates the sentence is fluent and almost perfect. Provide your rating using this exact format: “Rating: [[score]]”.<|eot_id|><|start_header_id|>user<|end_header_id|>

[Sentence Fragment Start]
9 a a a0 a000000000000000000000000000000000000000000000000000000000000000000000000000000000000000000000000000000000000000000000000000000000000000000000000000000000000000000000000000000000000000000000000000000000000000000000000000000000000000000000000000000000000000000000000000000000000000000000000000000000000000000000000000000000000000000000000000000000000000000000000000000000000000000000000000000000000000000000000000000000000000000000000000000000000000000000000000000000000000000000000000000000000000000000000000000000000000000000000000000000000000000000000000000000000000000000000000000000000000000
[Sentence Fragment End]<|eot_id|><|start_header_id|>assistant<|end_header_id|>

Rating: [[","0]]

This",0
"system
You are a helpful assistant.
user
Please give a one sentence summary of The Discovery of Heaven
assistant",9 a a000000000000000000000000000000000000000000000000000000000000000000000000000000000000000000000000000000000000000000000000000000000000000000000000000000000000000000000000000000000000000000000000000000000000000000000000000000000000000000000000000000000000000000000000000000000000000000000000000000000000000000000000000000000000000000000000000000000000000000000000000000000000000000000000000000000000000000000000000000000000000000000000000000000000000000000000000000000000000000000000000000000000000000000000000000000000000000000000000000000000000000000000000000000000000000000000000000000000000000000,"""The Discovery of Heaven"" is a philosophical novel by John Milton, in which the protagonist, after a series of trials and visions, contemplates the nature of God, good, and the afterlife, ultimately finding solace and understanding in the Christian concept of heaven as a place of eternal happiness and divine love.",4_targeted_steer_0.5_paragraphMCQA-long_gen.json,Please give a one sentence summary of The Discovery of Heaven,Qwen1.5-14B-Chat,paragraphMCQA-long,sentenceMCQA-long,atp,paragraphMCQA-long_eval,paragraphMCQA-single_steer,4,targeted,steer,0.5,"<|begin_of_text|><|start_header_id|>system<|end_header_id|>

Cutting Knowledge Date: December 2023
Today Date: 26 Jul 2024

Please act as an impartial judge and evaluate the fluency of the sentence fragment provided below. Focus solely on fluency, disregarding its completeness, relevance, coherence with any broader context, or informativeness. Begin your evaluation by briefly describing the fluency of the sentence, noting any unnatural phrasing, awkward transitions, grammatical errors, or repetitive structures that may hinder readability. After providing your explanation, rate the sentence's fluency on a scale from 0 to 2, where 0 indicates the sentence is not fluent and highly unnatural (e.g., incomprehensible or repetitive), 1 indicates it is somewhat fluent but contains noticeable errors or awkward phrasing, and 2 indicates the sentence is fluent and almost perfect. Provide your rating using this exact format: “Rating: [[score]]”.<|eot_id|><|start_header_id|>user<|end_header_id|>

[Sentence Fragment Start]
9 a a000000000000000000000000000000000000000000000000000000000000000000000000000000000000000000000000000000000000000000000000000000000000000000000000000000000000000000000000000000000000000000000000000000000000000000000000000000000000000000000000000000000000000000000000000000000000000000000000000000000000000000000000000000000000000000000000000000000000000000000000000000000000000000000000000000000000000000000000000000000000000000000000000000000000000000000000000000000000000000000000000000000000000000000000000000000000000000000000000000000000000000000000000000000000000000000000000000000000000000000
[Sentence Fragment End]<|eot_id|><|start_header_id|>assistant<|end_header_id|>

Rating: [[",0]],0
"system
You are a helpful assistant.
user
Please give a one sentence summary of Women in Love
assistant",9 a a200000000000000000000000000000000000000000000000000000000000000000000000000000000000000000000000000000000000000000000000000000000000000000000000000000000000000000000000000000000000000000000000000000000000000000000000000000000000000000000000000000000000000000000000000000000000000000000000000000000000000000000000000000000000000000000000000000000000000000000000000000000000000000000000000000000000000000000000000000000000000000000000000000000000000000000000000000000000000000000000000000000000000000000000000000000000000000000000000000000000000000000000000000000000000000000000000000000000000000000,"Women in Love is a novel by D.H. Lawrence that explores the complex relationships and emotional entanglements between two couples in an English country estate during the early 20th century, delving into themes of love, passion, and the struggle for personal fulfillment.",4_targeted_steer_0.5_paragraphMCQA-long_gen.json,Please give a one sentence summary of Women in Love,Qwen1.5-14B-Chat,paragraphMCQA-long,sentenceMCQA-long,atp,paragraphMCQA-long_eval,paragraphMCQA-single_steer,4,targeted,steer,0.5,"<|begin_of_text|><|start_header_id|>system<|end_header_id|>

Cutting Knowledge Date: December 2023
Today Date: 26 Jul 2024

Please act as an impartial judge and evaluate the fluency of the sentence fragment provided below. Focus solely on fluency, disregarding its completeness, relevance, coherence with any broader context, or informativeness. Begin your evaluation by briefly describing the fluency of the sentence, noting any unnatural phrasing, awkward transitions, grammatical errors, or repetitive structures that may hinder readability. After providing your explanation, rate the sentence's fluency on a scale from 0 to 2, where 0 indicates the sentence is not fluent and highly unnatural (e.g., incomprehensible or repetitive), 1 indicates it is somewhat fluent but contains noticeable errors or awkward phrasing, and 2 indicates the sentence is fluent and almost perfect. Provide your rating using this exact format: “Rating: [[score]]”.<|eot_id|><|start_header_id|>user<|end_header_id|>

[Sentence Fragment Start]
9 a a200000000000000000000000000000000000000000000000000000000000000000000000000000000000000000000000000000000000000000000000000000000000000000000000000000000000000000000000000000000000000000000000000000000000000000000000000000000000000000000000000000000000000000000000000000000000000000000000000000000000000000000000000000000000000000000000000000000000000000000000000000000000000000000000000000000000000000000000000000000000000000000000000000000000000000000000000000000000000000000000000000000000000000000000000000000000000000000000000000000000000000000000000000000000000000000000000000000000000000000
[Sentence Fragment End]<|eot_id|><|start_header_id|>assistant<|end_header_id|>

Rating: [[",0]],0
"system
You are a helpful assistant.
user
Please give a one sentence summary of Winesburg, Ohio
assistant",9 a a200000000000000000000000000000000000000000000000000000000000000000000000000000000000000000000000000000000000000000000000000000000000000000000000000000000000000000000000000000000000000000000000000000000000000000000000000000000000000000000000000000000000000000000000000000000000000000000000000000000000000000000000000000000000000000000000000000000000000000000000000000000000000000000000000000000000000000000000000000000000000000000000000000000000000000000000000000000000000000000000000000000000000000000000000000000000000000000000000000000000000000000000000000000000000000000000000000000000000000000,"Winesburg, Ohio, is a collection of interconnected short stories by Sherwood Anderson that offer a vivid portrayal of small-town life in early 20th-century America, exploring themes of loneliness, personal growth, and the human condition.",4_targeted_steer_0.5_paragraphMCQA-long_gen.json,"Please give a one sentence summary of Winesburg, Ohio",Qwen1.5-14B-Chat,paragraphMCQA-long,sentenceMCQA-long,atp,paragraphMCQA-long_eval,paragraphMCQA-single_steer,4,targeted,steer,0.5,"<|begin_of_text|><|start_header_id|>system<|end_header_id|>

Cutting Knowledge Date: December 2023
Today Date: 26 Jul 2024

Please act as an impartial judge and evaluate the fluency of the sentence fragment provided below. Focus solely on fluency, disregarding its completeness, relevance, coherence with any broader context, or informativeness. Begin your evaluation by briefly describing the fluency of the sentence, noting any unnatural phrasing, awkward transitions, grammatical errors, or repetitive structures that may hinder readability. After providing your explanation, rate the sentence's fluency on a scale from 0 to 2, where 0 indicates the sentence is not fluent and highly unnatural (e.g., incomprehensible or repetitive), 1 indicates it is somewhat fluent but contains noticeable errors or awkward phrasing, and 2 indicates the sentence is fluent and almost perfect. Provide your rating using this exact format: “Rating: [[score]]”.<|eot_id|><|start_header_id|>user<|end_header_id|>

[Sentence Fragment Start]
9 a a200000000000000000000000000000000000000000000000000000000000000000000000000000000000000000000000000000000000000000000000000000000000000000000000000000000000000000000000000000000000000000000000000000000000000000000000000000000000000000000000000000000000000000000000000000000000000000000000000000000000000000000000000000000000000000000000000000000000000000000000000000000000000000000000000000000000000000000000000000000000000000000000000000000000000000000000000000000000000000000000000000000000000000000000000000000000000000000000000000000000000000000000000000000000000000000000000000000000000000000
[Sentence Fragment End]<|eot_id|><|start_header_id|>assistant<|end_header_id|>

Rating: [[",0]],0
"system
You are a helpful assistant.
user
Please give a one sentence summary of The First Man
assistant",9 a a000000000000000000000000000000000000000000000000000000000000000000000000000000000000000000000000000000000000000000000000000000000000000000000000000000000000000000000000000000000000000000000000000000000000000000000000000000000000000000000000000000000000000000000000000000000000000000000000000000000000000000000000000000000000000000000000000000000000000000000000000000000000000000000000000000000000000000000000000000000000000000000000000000000000000000000000000000000000000000000000000000000000000000000000000000000000000000000000000000000000000000000000000000000000000000000000000000000000000000000,"""The First Man"" is a biographical drama film that chronicles the early life of Neil Armstrong, focusing on his journey to becoming the first human to walk on the moon.",4_targeted_steer_0.5_paragraphMCQA-long_gen.json,Please give a one sentence summary of The First Man,Qwen1.5-14B-Chat,paragraphMCQA-long,sentenceMCQA-long,atp,paragraphMCQA-long_eval,paragraphMCQA-single_steer,4,targeted,steer,0.5,"<|begin_of_text|><|start_header_id|>system<|end_header_id|>

Cutting Knowledge Date: December 2023
Today Date: 26 Jul 2024

Please act as an impartial judge and evaluate the fluency of the sentence fragment provided below. Focus solely on fluency, disregarding its completeness, relevance, coherence with any broader context, or informativeness. Begin your evaluation by briefly describing the fluency of the sentence, noting any unnatural phrasing, awkward transitions, grammatical errors, or repetitive structures that may hinder readability. After providing your explanation, rate the sentence's fluency on a scale from 0 to 2, where 0 indicates the sentence is not fluent and highly unnatural (e.g., incomprehensible or repetitive), 1 indicates it is somewhat fluent but contains noticeable errors or awkward phrasing, and 2 indicates the sentence is fluent and almost perfect. Provide your rating using this exact format: “Rating: [[score]]”.<|eot_id|><|start_header_id|>user<|end_header_id|>

[Sentence Fragment Start]
9 a a000000000000000000000000000000000000000000000000000000000000000000000000000000000000000000000000000000000000000000000000000000000000000000000000000000000000000000000000000000000000000000000000000000000000000000000000000000000000000000000000000000000000000000000000000000000000000000000000000000000000000000000000000000000000000000000000000000000000000000000000000000000000000000000000000000000000000000000000000000000000000000000000000000000000000000000000000000000000000000000000000000000000000000000000000000000000000000000000000000000000000000000000000000000000000000000000000000000000000000000
[Sentence Fragment End]<|eot_id|><|start_header_id|>assistant<|end_header_id|>

Rating: [[",0]],0
"system
You are a helpful assistant.
user
Please give a one sentence summary of Time Regained
assistant",9 a a000000000000000000000000000000000000000000000000000000000000000000000000000000000000000000000000000000000000000000000000000000000000000000000000000000000000000000000000000000000000000000000000000000000000000000000000000000000000000000000000000000000000000000000000000000000000000000000000000000000000000000000000000000000000000000000000000000000000000000000000000000000000000000000000000000000000000000000000000000000000000000000000000000000000000000000000000000000000000000000000000000000000000000000000000000000000000000000000000000000000000000000000000000000000000000000000000000000000000000000,"Time Regained, by Marcel Proust, is a novel that follows the protagonist's journey through time and memory, as he rediscovers lost moments from his past in order to find meaning and redemption.",4_targeted_steer_0.5_paragraphMCQA-long_gen.json,Please give a one sentence summary of Time Regained,Qwen1.5-14B-Chat,paragraphMCQA-long,sentenceMCQA-long,atp,paragraphMCQA-long_eval,paragraphMCQA-single_steer,4,targeted,steer,0.5,"<|begin_of_text|><|start_header_id|>system<|end_header_id|>

Cutting Knowledge Date: December 2023
Today Date: 26 Jul 2024

Please act as an impartial judge and evaluate the fluency of the sentence fragment provided below. Focus solely on fluency, disregarding its completeness, relevance, coherence with any broader context, or informativeness. Begin your evaluation by briefly describing the fluency of the sentence, noting any unnatural phrasing, awkward transitions, grammatical errors, or repetitive structures that may hinder readability. After providing your explanation, rate the sentence's fluency on a scale from 0 to 2, where 0 indicates the sentence is not fluent and highly unnatural (e.g., incomprehensible or repetitive), 1 indicates it is somewhat fluent but contains noticeable errors or awkward phrasing, and 2 indicates the sentence is fluent and almost perfect. Provide your rating using this exact format: “Rating: [[score]]”.<|eot_id|><|start_header_id|>user<|end_header_id|>

[Sentence Fragment Start]
9 a a000000000000000000000000000000000000000000000000000000000000000000000000000000000000000000000000000000000000000000000000000000000000000000000000000000000000000000000000000000000000000000000000000000000000000000000000000000000000000000000000000000000000000000000000000000000000000000000000000000000000000000000000000000000000000000000000000000000000000000000000000000000000000000000000000000000000000000000000000000000000000000000000000000000000000000000000000000000000000000000000000000000000000000000000000000000000000000000000000000000000000000000000000000000000000000000000000000000000000000000
[Sentence Fragment End]<|eot_id|><|start_header_id|>assistant<|end_header_id|>

Rating: [[",0]],0
"system
You are a helpful assistant.
user
Please give a one sentence summary of Revolutionary Road
assistant",9 a a000000000000000000000000000000000000000000000000000000000000000000000000000000000000000000000000000000000000000000000000000000000000000000000000000000000000000000000000000000000000000000000000000000000000000000000000000000000000000000000000000000000000000000000000000000000000000000000000000000000000000000000000000000000000000000000000000000000000000000000000000000000000000000000000000000000000000000000000000000000000000000000000000000000000000000000000000000000000000000000000000000000000000000000000000000000000000000000000000000000000000000000000000000000000000000000000000000000000000000000,"""Revolutionary Road"" is a novel by Richard Yates that follows the disillusionment and tragic decline of a young couple's idealistic marriage during the post-World War II era in suburban Connecticut.",4_targeted_steer_0.5_paragraphMCQA-long_gen.json,Please give a one sentence summary of Revolutionary Road,Qwen1.5-14B-Chat,paragraphMCQA-long,sentenceMCQA-long,atp,paragraphMCQA-long_eval,paragraphMCQA-single_steer,4,targeted,steer,0.5,"<|begin_of_text|><|start_header_id|>system<|end_header_id|>

Cutting Knowledge Date: December 2023
Today Date: 26 Jul 2024

Please act as an impartial judge and evaluate the fluency of the sentence fragment provided below. Focus solely on fluency, disregarding its completeness, relevance, coherence with any broader context, or informativeness. Begin your evaluation by briefly describing the fluency of the sentence, noting any unnatural phrasing, awkward transitions, grammatical errors, or repetitive structures that may hinder readability. After providing your explanation, rate the sentence's fluency on a scale from 0 to 2, where 0 indicates the sentence is not fluent and highly unnatural (e.g., incomprehensible or repetitive), 1 indicates it is somewhat fluent but contains noticeable errors or awkward phrasing, and 2 indicates the sentence is fluent and almost perfect. Provide your rating using this exact format: “Rating: [[score]]”.<|eot_id|><|start_header_id|>user<|end_header_id|>

[Sentence Fragment Start]
9 a a000000000000000000000000000000000000000000000000000000000000000000000000000000000000000000000000000000000000000000000000000000000000000000000000000000000000000000000000000000000000000000000000000000000000000000000000000000000000000000000000000000000000000000000000000000000000000000000000000000000000000000000000000000000000000000000000000000000000000000000000000000000000000000000000000000000000000000000000000000000000000000000000000000000000000000000000000000000000000000000000000000000000000000000000000000000000000000000000000000000000000000000000000000000000000000000000000000000000000000000
[Sentence Fragment End]<|eot_id|><|start_header_id|>assistant<|end_header_id|>

Rating: [[",0]],0
"system
You are a helpful assistant.
user
Please give a one sentence summary of Rabbit, Run
assistant",9 a a200000000000000000000000000000000000000000000000000000000000000000000000000000000000000000000000000000000000000000000000000000000000000000000000000000000000000000000000000000000000000000000000000000000000000000000000000000000000000000000000000000000000000000000000000000000000000000000000000000000000000000000000000000000000000000000000000000000000000000000000000000000000000000000000000000000000000000000000000000000000000000000000000000000000000000000000000000000000000000000000000000000000000000000000000000000000000000000000000000000000000000000000000000000000000000000000000000000000000000000,"Rabbit, Run is a novel by John Updike that follows the life of兔子布兰登, a working-class man who struggles with identity, relationships, and the pursuit of freedom in a suburban American community.",4_targeted_steer_0.5_paragraphMCQA-long_gen.json,"Please give a one sentence summary of Rabbit, Run",Qwen1.5-14B-Chat,paragraphMCQA-long,sentenceMCQA-long,atp,paragraphMCQA-long_eval,paragraphMCQA-single_steer,4,targeted,steer,0.5,"<|begin_of_text|><|start_header_id|>system<|end_header_id|>

Cutting Knowledge Date: December 2023
Today Date: 26 Jul 2024

Please act as an impartial judge and evaluate the fluency of the sentence fragment provided below. Focus solely on fluency, disregarding its completeness, relevance, coherence with any broader context, or informativeness. Begin your evaluation by briefly describing the fluency of the sentence, noting any unnatural phrasing, awkward transitions, grammatical errors, or repetitive structures that may hinder readability. After providing your explanation, rate the sentence's fluency on a scale from 0 to 2, where 0 indicates the sentence is not fluent and highly unnatural (e.g., incomprehensible or repetitive), 1 indicates it is somewhat fluent but contains noticeable errors or awkward phrasing, and 2 indicates the sentence is fluent and almost perfect. Provide your rating using this exact format: “Rating: [[score]]”.<|eot_id|><|start_header_id|>user<|end_header_id|>

[Sentence Fragment Start]
9 a a200000000000000000000000000000000000000000000000000000000000000000000000000000000000000000000000000000000000000000000000000000000000000000000000000000000000000000000000000000000000000000000000000000000000000000000000000000000000000000000000000000000000000000000000000000000000000000000000000000000000000000000000000000000000000000000000000000000000000000000000000000000000000000000000000000000000000000000000000000000000000000000000000000000000000000000000000000000000000000000000000000000000000000000000000000000000000000000000000000000000000000000000000000000000000000000000000000000000000000000
[Sentence Fragment End]<|eot_id|><|start_header_id|>assistant<|end_header_id|>

Rating: [[",0]],0
"system
You are a helpful assistant.
user
Please give a one sentence summary of The Amazing Adventures of Kavalier & Clay
assistant",9 a a a0 a000000000000000000000000000000000000000000000000000000000000000000000000000000000000000000000000000000000000000000000000000000000000000000000000000000000000000000000000000000000000000000000000000000000000000000000000000000000000000000000000000000000000000000000000000000000000000000000000000000000000000000000000000000000000000000000000000000000000000000000000000000000000000000000000000000000000000000000000000000000000000000000000000000000000000000000000000000000000000000000000000000000000000000000000000000000000000000000000000000000000000000000000000000000000000000000000000000000000000000,"""The Amazing Adventures of Kavalier & Clay"" is a novel that follows the intertwined lives of two young Jewish comic book creators during World War II, exploring their rise to success in the Golden Age of comics while grappling with personal and historical challenges.",4_targeted_steer_0.5_paragraphMCQA-long_gen.json,Please give a one sentence summary of The Amazing Adventures of Kavalier & Clay,Qwen1.5-14B-Chat,paragraphMCQA-long,sentenceMCQA-long,atp,paragraphMCQA-long_eval,paragraphMCQA-single_steer,4,targeted,steer,0.5,"<|begin_of_text|><|start_header_id|>system<|end_header_id|>

Cutting Knowledge Date: December 2023
Today Date: 26 Jul 2024

Please act as an impartial judge and evaluate the fluency of the sentence fragment provided below. Focus solely on fluency, disregarding its completeness, relevance, coherence with any broader context, or informativeness. Begin your evaluation by briefly describing the fluency of the sentence, noting any unnatural phrasing, awkward transitions, grammatical errors, or repetitive structures that may hinder readability. After providing your explanation, rate the sentence's fluency on a scale from 0 to 2, where 0 indicates the sentence is not fluent and highly unnatural (e.g., incomprehensible or repetitive), 1 indicates it is somewhat fluent but contains noticeable errors or awkward phrasing, and 2 indicates the sentence is fluent and almost perfect. Provide your rating using this exact format: “Rating: [[score]]”.<|eot_id|><|start_header_id|>user<|end_header_id|>

[Sentence Fragment Start]
9 a a a0 a000000000000000000000000000000000000000000000000000000000000000000000000000000000000000000000000000000000000000000000000000000000000000000000000000000000000000000000000000000000000000000000000000000000000000000000000000000000000000000000000000000000000000000000000000000000000000000000000000000000000000000000000000000000000000000000000000000000000000000000000000000000000000000000000000000000000000000000000000000000000000000000000000000000000000000000000000000000000000000000000000000000000000000000000000000000000000000000000000000000000000000000000000000000000000000000000000000000000000000
[Sentence Fragment End]<|eot_id|><|start_header_id|>assistant<|end_header_id|>

Rating: [[","0]]

This",0
"system
You are a helpful assistant.
user
Please give a one sentence summary of Housekeeping
assistant",9 a a500000000000000000000000000000000000000000000000000000000000000000000000000000000000000000000000000000000000000000000000000000000000000000000000000000000000000000000000000000000000000000000000000000000000000000000000000000000000000000000000000000000000000000000000000000000000000000000000000000000000000000000000000000000000000000000000000000000000000000000000000000000000000000000000000000000000000000000000000000000000000000000000000000000000000000000000000000000000000000000000000000000000000000000000000000000000000000000000000000000000000000000000000000000000000000000000000000000000000000000,"Housekeeping is the department in a hotel or residence responsible for maintaining cleanliness, organization, and overall guest comfort.",4_targeted_steer_0.5_paragraphMCQA-long_gen.json,Please give a one sentence summary of Housekeeping,Qwen1.5-14B-Chat,paragraphMCQA-long,sentenceMCQA-long,atp,paragraphMCQA-long_eval,paragraphMCQA-single_steer,4,targeted,steer,0.5,"<|begin_of_text|><|start_header_id|>system<|end_header_id|>

Cutting Knowledge Date: December 2023
Today Date: 26 Jul 2024

Please act as an impartial judge and evaluate the fluency of the sentence fragment provided below. Focus solely on fluency, disregarding its completeness, relevance, coherence with any broader context, or informativeness. Begin your evaluation by briefly describing the fluency of the sentence, noting any unnatural phrasing, awkward transitions, grammatical errors, or repetitive structures that may hinder readability. After providing your explanation, rate the sentence's fluency on a scale from 0 to 2, where 0 indicates the sentence is not fluent and highly unnatural (e.g., incomprehensible or repetitive), 1 indicates it is somewhat fluent but contains noticeable errors or awkward phrasing, and 2 indicates the sentence is fluent and almost perfect. Provide your rating using this exact format: “Rating: [[score]]”.<|eot_id|><|start_header_id|>user<|end_header_id|>

[Sentence Fragment Start]
9 a a500000000000000000000000000000000000000000000000000000000000000000000000000000000000000000000000000000000000000000000000000000000000000000000000000000000000000000000000000000000000000000000000000000000000000000000000000000000000000000000000000000000000000000000000000000000000000000000000000000000000000000000000000000000000000000000000000000000000000000000000000000000000000000000000000000000000000000000000000000000000000000000000000000000000000000000000000000000000000000000000000000000000000000000000000000000000000000000000000000000000000000000000000000000000000000000000000000000000000000000
[Sentence Fragment End]<|eot_id|><|start_header_id|>assistant<|end_header_id|>

Rating: [[",0]],0
"system
You are a helpful assistant.
user
Please give a one sentence summary of Embassytown
assistant",9 a a500000000000000000000000000000000000000000000000000000000000000000000000000000000000000000000000000000000000000000000000000000000000000000000000000000000000000000000000000000000000000000000000000000000000000000000000000000000000000000000000000000000000000000000000000000000000000000000000000000000000000000000000000000000000000000000000000000000000000000000000000000000000000000000000000000000000000000000000000000000000000000000000000000000000000000000000000000000000000000000000000000000000000000000000000000000000000000000000000000000000000000000000000000000000000000000000000000000000000000000,Embassytown is a science fiction novel by China Miéville that explores the complex dynamics between humans and an alien species through the eyes of a linguist who becomes embroiled in a political crisis on an alien-built city called Ariekei.,4_targeted_steer_0.5_paragraphMCQA-long_gen.json,Please give a one sentence summary of Embassytown,Qwen1.5-14B-Chat,paragraphMCQA-long,sentenceMCQA-long,atp,paragraphMCQA-long_eval,paragraphMCQA-single_steer,4,targeted,steer,0.5,"<|begin_of_text|><|start_header_id|>system<|end_header_id|>

Cutting Knowledge Date: December 2023
Today Date: 26 Jul 2024

Please act as an impartial judge and evaluate the fluency of the sentence fragment provided below. Focus solely on fluency, disregarding its completeness, relevance, coherence with any broader context, or informativeness. Begin your evaluation by briefly describing the fluency of the sentence, noting any unnatural phrasing, awkward transitions, grammatical errors, or repetitive structures that may hinder readability. After providing your explanation, rate the sentence's fluency on a scale from 0 to 2, where 0 indicates the sentence is not fluent and highly unnatural (e.g., incomprehensible or repetitive), 1 indicates it is somewhat fluent but contains noticeable errors or awkward phrasing, and 2 indicates the sentence is fluent and almost perfect. Provide your rating using this exact format: “Rating: [[score]]”.<|eot_id|><|start_header_id|>user<|end_header_id|>

[Sentence Fragment Start]
9 a a500000000000000000000000000000000000000000000000000000000000000000000000000000000000000000000000000000000000000000000000000000000000000000000000000000000000000000000000000000000000000000000000000000000000000000000000000000000000000000000000000000000000000000000000000000000000000000000000000000000000000000000000000000000000000000000000000000000000000000000000000000000000000000000000000000000000000000000000000000000000000000000000000000000000000000000000000000000000000000000000000000000000000000000000000000000000000000000000000000000000000000000000000000000000000000000000000000000000000000000
[Sentence Fragment End]<|eot_id|><|start_header_id|>assistant<|end_header_id|>

Rating: [[",0]],0
"system
You are a helpful assistant.
user
Please give a one sentence summary of Farewell, My Lovely
assistant",9 a a200000000000000000000000000000000000000000000000000000000000000000000000000000000000000000000000000000000000000000000000000000000000000000000000000000000000000000000000000000000000000000000000000000000000000000000000000000000000000000000000000000000000000000000000000000000000000000000000000000000000000000000000000000000000000000000000000000000000000000000000000000000000000000000000000000000000000000000000000000000000000000000000000000000000000000000000000000000000000000000000000000000000000000000000000000000000000000000000000000000000000000000000000000000000000000000000000000000000000000000,"""Farewell, My Lovely"" is a hard-boiled detective novel by Raymond Chandler, following private investigator Philip Marlowe as he investigates the mysterious death of a former film star in Los Angeles.",4_targeted_steer_0.5_paragraphMCQA-long_gen.json,"Please give a one sentence summary of Farewell, My Lovely",Qwen1.5-14B-Chat,paragraphMCQA-long,sentenceMCQA-long,atp,paragraphMCQA-long_eval,paragraphMCQA-single_steer,4,targeted,steer,0.5,"<|begin_of_text|><|start_header_id|>system<|end_header_id|>

Cutting Knowledge Date: December 2023
Today Date: 26 Jul 2024

Please act as an impartial judge and evaluate the fluency of the sentence fragment provided below. Focus solely on fluency, disregarding its completeness, relevance, coherence with any broader context, or informativeness. Begin your evaluation by briefly describing the fluency of the sentence, noting any unnatural phrasing, awkward transitions, grammatical errors, or repetitive structures that may hinder readability. After providing your explanation, rate the sentence's fluency on a scale from 0 to 2, where 0 indicates the sentence is not fluent and highly unnatural (e.g., incomprehensible or repetitive), 1 indicates it is somewhat fluent but contains noticeable errors or awkward phrasing, and 2 indicates the sentence is fluent and almost perfect. Provide your rating using this exact format: “Rating: [[score]]”.<|eot_id|><|start_header_id|>user<|end_header_id|>

[Sentence Fragment Start]
9 a a200000000000000000000000000000000000000000000000000000000000000000000000000000000000000000000000000000000000000000000000000000000000000000000000000000000000000000000000000000000000000000000000000000000000000000000000000000000000000000000000000000000000000000000000000000000000000000000000000000000000000000000000000000000000000000000000000000000000000000000000000000000000000000000000000000000000000000000000000000000000000000000000000000000000000000000000000000000000000000000000000000000000000000000000000000000000000000000000000000000000000000000000000000000000000000000000000000000000000000000
[Sentence Fragment End]<|eot_id|><|start_header_id|>assistant<|end_header_id|>

Rating: [[",0]],0
"system
You are a helpful assistant.
user
Please give a one sentence summary of The Man in the Iron Mask
assistant",9 a a9 a0000000000000000000000000000000000000000000000000000000000000000000000000000000000000000000000000000000000000000000000000000000000000000000000000000000000000000000000000000000000000000000000000000000000000000000000000000000000000000000000000000000000000000000000000000000000000000000000000000000000000000000000000000000000000000000000000000000000000000000000000000000000000000000000000000000000000000000000000000000000000000000000000000000000000000000000000000000000000000000000000000000000000000000000000000000000000000000000000000000000000000000000000000000000000000000000000000000000000000000,"The Man in the Iron Mask is a novel by Alexandre Dumas that tells the story of a mysterious prisoner who wears an iron mask, uncovering secrets about the French monarchy and a long-lost brother to King Louis XIV.",4_targeted_steer_0.5_paragraphMCQA-long_gen.json,Please give a one sentence summary of The Man in the Iron Mask,Qwen1.5-14B-Chat,paragraphMCQA-long,sentenceMCQA-long,atp,paragraphMCQA-long_eval,paragraphMCQA-single_steer,4,targeted,steer,0.5,"<|begin_of_text|><|start_header_id|>system<|end_header_id|>

Cutting Knowledge Date: December 2023
Today Date: 26 Jul 2024

Please act as an impartial judge and evaluate the fluency of the sentence fragment provided below. Focus solely on fluency, disregarding its completeness, relevance, coherence with any broader context, or informativeness. Begin your evaluation by briefly describing the fluency of the sentence, noting any unnatural phrasing, awkward transitions, grammatical errors, or repetitive structures that may hinder readability. After providing your explanation, rate the sentence's fluency on a scale from 0 to 2, where 0 indicates the sentence is not fluent and highly unnatural (e.g., incomprehensible or repetitive), 1 indicates it is somewhat fluent but contains noticeable errors or awkward phrasing, and 2 indicates the sentence is fluent and almost perfect. Provide your rating using this exact format: “Rating: [[score]]”.<|eot_id|><|start_header_id|>user<|end_header_id|>

[Sentence Fragment Start]
9 a a9 a0000000000000000000000000000000000000000000000000000000000000000000000000000000000000000000000000000000000000000000000000000000000000000000000000000000000000000000000000000000000000000000000000000000000000000000000000000000000000000000000000000000000000000000000000000000000000000000000000000000000000000000000000000000000000000000000000000000000000000000000000000000000000000000000000000000000000000000000000000000000000000000000000000000000000000000000000000000000000000000000000000000000000000000000000000000000000000000000000000000000000000000000000000000000000000000000000000000000000000000
[Sentence Fragment End]<|eot_id|><|start_header_id|>assistant<|end_header_id|>

Rating: [[","0]]

This",0
"system
You are a helpful assistant.
user
Please give a one sentence summary of Carrie
assistant",9 a a200000000000000000000000000000000000000000000000000000000000000000000000000000000000000000000000000000000000000000000000000000000000000000000000000000000000000000000000000000000000000000000000000000000000000000000000000000000000000000000000000000000000000000000000000000000000000000000000000000000000000000000000000000000000000000000000000000000000000000000000000000000000000000000000000000000000000000000000000000000000000000000000000000000000000000000000000000000000000000000000000000000000000000000000000000000000000000000000000000000000000000000000000000000000000000000000000000000000000000000,"Carrie is a novel by Stephen King about a telekinetic teenager who seeks revenge against her cruel classmates after being bullied, leading to a terrifying and explosive climax.",4_targeted_steer_0.5_paragraphMCQA-long_gen.json,Please give a one sentence summary of Carrie,Qwen1.5-14B-Chat,paragraphMCQA-long,sentenceMCQA-long,atp,paragraphMCQA-long_eval,paragraphMCQA-single_steer,4,targeted,steer,0.5,"<|begin_of_text|><|start_header_id|>system<|end_header_id|>

Cutting Knowledge Date: December 2023
Today Date: 26 Jul 2024

Please act as an impartial judge and evaluate the fluency of the sentence fragment provided below. Focus solely on fluency, disregarding its completeness, relevance, coherence with any broader context, or informativeness. Begin your evaluation by briefly describing the fluency of the sentence, noting any unnatural phrasing, awkward transitions, grammatical errors, or repetitive structures that may hinder readability. After providing your explanation, rate the sentence's fluency on a scale from 0 to 2, where 0 indicates the sentence is not fluent and highly unnatural (e.g., incomprehensible or repetitive), 1 indicates it is somewhat fluent but contains noticeable errors or awkward phrasing, and 2 indicates the sentence is fluent and almost perfect. Provide your rating using this exact format: “Rating: [[score]]”.<|eot_id|><|start_header_id|>user<|end_header_id|>

[Sentence Fragment Start]
9 a a200000000000000000000000000000000000000000000000000000000000000000000000000000000000000000000000000000000000000000000000000000000000000000000000000000000000000000000000000000000000000000000000000000000000000000000000000000000000000000000000000000000000000000000000000000000000000000000000000000000000000000000000000000000000000000000000000000000000000000000000000000000000000000000000000000000000000000000000000000000000000000000000000000000000000000000000000000000000000000000000000000000000000000000000000000000000000000000000000000000000000000000000000000000000000000000000000000000000000000000
[Sentence Fragment End]<|eot_id|><|start_header_id|>assistant<|end_header_id|>

Rating: [[",0]],0
"system
You are a helpful assistant.
user
Please give a one sentence summary of Killing Commendatore
assistant",9 a a500000000000000000000000000000000000000000000000000000000000000000000000000000000000000000000000000000000000000000000000000000000000000000000000000000000000000000000000000000000000000000000000000000000000000000000000000000000000000000000000000000000000000000000000000000000000000000000000000000000000000000000000000000000000000000000000000000000000000000000000000000000000000000000000000000000000000000000000000000000000000000000000000000000000000000000000000000000000000000000000000000000000000000000000000000000000000000000000000000000000000000000000000000000000000000000000000000000000000000000,"Killing Commendatore is a novel by Haruki Murakami that weaves a complex narrative about a man's search for meaning, artistic inspiration, and the mysterious connection between two parallel worlds.",4_targeted_steer_0.5_paragraphMCQA-long_gen.json,Please give a one sentence summary of Killing Commendatore,Qwen1.5-14B-Chat,paragraphMCQA-long,sentenceMCQA-long,atp,paragraphMCQA-long_eval,paragraphMCQA-single_steer,4,targeted,steer,0.5,"<|begin_of_text|><|start_header_id|>system<|end_header_id|>

Cutting Knowledge Date: December 2023
Today Date: 26 Jul 2024

Please act as an impartial judge and evaluate the fluency of the sentence fragment provided below. Focus solely on fluency, disregarding its completeness, relevance, coherence with any broader context, or informativeness. Begin your evaluation by briefly describing the fluency of the sentence, noting any unnatural phrasing, awkward transitions, grammatical errors, or repetitive structures that may hinder readability. After providing your explanation, rate the sentence's fluency on a scale from 0 to 2, where 0 indicates the sentence is not fluent and highly unnatural (e.g., incomprehensible or repetitive), 1 indicates it is somewhat fluent but contains noticeable errors or awkward phrasing, and 2 indicates the sentence is fluent and almost perfect. Provide your rating using this exact format: “Rating: [[score]]”.<|eot_id|><|start_header_id|>user<|end_header_id|>

[Sentence Fragment Start]
9 a a500000000000000000000000000000000000000000000000000000000000000000000000000000000000000000000000000000000000000000000000000000000000000000000000000000000000000000000000000000000000000000000000000000000000000000000000000000000000000000000000000000000000000000000000000000000000000000000000000000000000000000000000000000000000000000000000000000000000000000000000000000000000000000000000000000000000000000000000000000000000000000000000000000000000000000000000000000000000000000000000000000000000000000000000000000000000000000000000000000000000000000000000000000000000000000000000000000000000000000000
[Sentence Fragment End]<|eot_id|><|start_header_id|>assistant<|end_header_id|>

Rating: [[",0]],0
"system
You are a helpful assistant.
user
Please give a one sentence summary of The River Between
assistant",9 a a a00000000000000000000000000000000000000000000000000000000000000000000000000000000000000000000000000000000000000000000000000000000000000000000000000000000000000000000000000000000000000000000000000000000000000000000000000000000000000000000000000000000000000000000000000000000000000000000000000000000000000000000000000000000000000000000000000000000000000000000000000000000000000000000000000000000000000000000000000000000000000000000000000000000000000000000000000000000000000000000000000000000000000000000000000000000000000000000000000000000000000000000000000000000000000000000000000000000000000000000,"""The River Between"" is a novel by Ngugi wa Thiongo that explores the cultural conflict and identity struggle between two Kenyan tribes, the Kikuyu and the Gikuyu, set against the backdrop of colonialism and post-independence politics.",4_targeted_steer_0.5_paragraphMCQA-long_gen.json,Please give a one sentence summary of The River Between,Qwen1.5-14B-Chat,paragraphMCQA-long,sentenceMCQA-long,atp,paragraphMCQA-long_eval,paragraphMCQA-single_steer,4,targeted,steer,0.5,"<|begin_of_text|><|start_header_id|>system<|end_header_id|>

Cutting Knowledge Date: December 2023
Today Date: 26 Jul 2024

Please act as an impartial judge and evaluate the fluency of the sentence fragment provided below. Focus solely on fluency, disregarding its completeness, relevance, coherence with any broader context, or informativeness. Begin your evaluation by briefly describing the fluency of the sentence, noting any unnatural phrasing, awkward transitions, grammatical errors, or repetitive structures that may hinder readability. After providing your explanation, rate the sentence's fluency on a scale from 0 to 2, where 0 indicates the sentence is not fluent and highly unnatural (e.g., incomprehensible or repetitive), 1 indicates it is somewhat fluent but contains noticeable errors or awkward phrasing, and 2 indicates the sentence is fluent and almost perfect. Provide your rating using this exact format: “Rating: [[score]]”.<|eot_id|><|start_header_id|>user<|end_header_id|>

[Sentence Fragment Start]
9 a a a00000000000000000000000000000000000000000000000000000000000000000000000000000000000000000000000000000000000000000000000000000000000000000000000000000000000000000000000000000000000000000000000000000000000000000000000000000000000000000000000000000000000000000000000000000000000000000000000000000000000000000000000000000000000000000000000000000000000000000000000000000000000000000000000000000000000000000000000000000000000000000000000000000000000000000000000000000000000000000000000000000000000000000000000000000000000000000000000000000000000000000000000000000000000000000000000000000000000000000000
[Sentence Fragment End]<|eot_id|><|start_header_id|>assistant<|end_header_id|>

Rating: [[",0]],0
"system
You are a helpful assistant.
user
Please give a one sentence summary of The Gene
assistant",9 a a000000000000000000000000000000000000000000000000000000000000000000000000000000000000000000000000000000000000000000000000000000000000000000000000000000000000000000000000000000000000000000000000000000000000000000000000000000000000000000000000000000000000000000000000000000000000000000000000000000000000000000000000000000000000000000000000000000000000000000000000000000000000000000000000000000000000000000000000000000000000000000000000000000000000000000000000000000000000000000000000000000000000000000000000000000000000000000000000000000000000000000000000000000000000000000000000000000000000000000000,"""The Gene: An Intimate History"" by Siddhartha Mukherjee is a comprehensive and engaging exploration of the science behind genetics, from its discovery to its impact on human health and society.",4_targeted_steer_0.5_paragraphMCQA-long_gen.json,Please give a one sentence summary of The Gene,Qwen1.5-14B-Chat,paragraphMCQA-long,sentenceMCQA-long,atp,paragraphMCQA-long_eval,paragraphMCQA-single_steer,4,targeted,steer,0.5,"<|begin_of_text|><|start_header_id|>system<|end_header_id|>

Cutting Knowledge Date: December 2023
Today Date: 26 Jul 2024

Please act as an impartial judge and evaluate the fluency of the sentence fragment provided below. Focus solely on fluency, disregarding its completeness, relevance, coherence with any broader context, or informativeness. Begin your evaluation by briefly describing the fluency of the sentence, noting any unnatural phrasing, awkward transitions, grammatical errors, or repetitive structures that may hinder readability. After providing your explanation, rate the sentence's fluency on a scale from 0 to 2, where 0 indicates the sentence is not fluent and highly unnatural (e.g., incomprehensible or repetitive), 1 indicates it is somewhat fluent but contains noticeable errors or awkward phrasing, and 2 indicates the sentence is fluent and almost perfect. Provide your rating using this exact format: “Rating: [[score]]”.<|eot_id|><|start_header_id|>user<|end_header_id|>

[Sentence Fragment Start]
9 a a000000000000000000000000000000000000000000000000000000000000000000000000000000000000000000000000000000000000000000000000000000000000000000000000000000000000000000000000000000000000000000000000000000000000000000000000000000000000000000000000000000000000000000000000000000000000000000000000000000000000000000000000000000000000000000000000000000000000000000000000000000000000000000000000000000000000000000000000000000000000000000000000000000000000000000000000000000000000000000000000000000000000000000000000000000000000000000000000000000000000000000000000000000000000000000000000000000000000000000000
[Sentence Fragment End]<|eot_id|><|start_header_id|>assistant<|end_header_id|>

Rating: [[",0]],0
"system
You are a helpful assistant.
user
Please give a one sentence summary of The Sixth Extinction
assistant",9 a a a90000000000000000000000000000000000000000000000000000000000000000000000000000000000000000000000000000000000000000000000000000000000000000000000000000000000000000000000000000000000000000000000000000000000000000000000000000000000000000000000000000000000000000000000000000000000000000000000000000000000000000000000000000000000000000000000000000000000000000000000000000000000000000000000000000000000000000000000000000000000000000000000000000000000000000000000000000000000000000000000000000000000000000000000000000000000000000000000000000000000000000000000000000000000000000000000000000000000000000000,"""The Sixth Extinction"" is a book that documents the ongoing mass extinction of species caused by human activities and its profound ecological and evolutionary consequences.",4_targeted_steer_0.5_paragraphMCQA-long_gen.json,Please give a one sentence summary of The Sixth Extinction,Qwen1.5-14B-Chat,paragraphMCQA-long,sentenceMCQA-long,atp,paragraphMCQA-long_eval,paragraphMCQA-single_steer,4,targeted,steer,0.5,"<|begin_of_text|><|start_header_id|>system<|end_header_id|>

Cutting Knowledge Date: December 2023
Today Date: 26 Jul 2024

Please act as an impartial judge and evaluate the fluency of the sentence fragment provided below. Focus solely on fluency, disregarding its completeness, relevance, coherence with any broader context, or informativeness. Begin your evaluation by briefly describing the fluency of the sentence, noting any unnatural phrasing, awkward transitions, grammatical errors, or repetitive structures that may hinder readability. After providing your explanation, rate the sentence's fluency on a scale from 0 to 2, where 0 indicates the sentence is not fluent and highly unnatural (e.g., incomprehensible or repetitive), 1 indicates it is somewhat fluent but contains noticeable errors or awkward phrasing, and 2 indicates the sentence is fluent and almost perfect. Provide your rating using this exact format: “Rating: [[score]]”.<|eot_id|><|start_header_id|>user<|end_header_id|>

[Sentence Fragment Start]
9 a a a90000000000000000000000000000000000000000000000000000000000000000000000000000000000000000000000000000000000000000000000000000000000000000000000000000000000000000000000000000000000000000000000000000000000000000000000000000000000000000000000000000000000000000000000000000000000000000000000000000000000000000000000000000000000000000000000000000000000000000000000000000000000000000000000000000000000000000000000000000000000000000000000000000000000000000000000000000000000000000000000000000000000000000000000000000000000000000000000000000000000000000000000000000000000000000000000000000000000000000000
[Sentence Fragment End]<|eot_id|><|start_header_id|>assistant<|end_header_id|>

Rating: [[","0]]

This",0
"system
You are a helpful assistant.
user
Please give a one sentence summary of The Guns of August
assistant",9 a a000000000000000000000000000000000000000000000000000000000000000000000000000000000000000000000000000000000000000000000000000000000000000000000000000000000000000000000000000000000000000000000000000000000000000000000000000000000000000000000000000000000000000000000000000000000000000000000000000000000000000000000000000000000000000000000000000000000000000000000000000000000000000000000000000000000000000000000000000000000000000000000000000000000000000000000000000000000000000000000000000000000000000000000000000000000000000000000000000000000000000000000000000000000000000000000000000000000000000000000,"The Guns of August is a historical novel by Barbara Tuchman that chronicles the first month of World War I, focusing on the political and military decisions leading to the conflict.",4_targeted_steer_0.5_paragraphMCQA-long_gen.json,Please give a one sentence summary of The Guns of August,Qwen1.5-14B-Chat,paragraphMCQA-long,sentenceMCQA-long,atp,paragraphMCQA-long_eval,paragraphMCQA-single_steer,4,targeted,steer,0.5,"<|begin_of_text|><|start_header_id|>system<|end_header_id|>

Cutting Knowledge Date: December 2023
Today Date: 26 Jul 2024

Please act as an impartial judge and evaluate the fluency of the sentence fragment provided below. Focus solely on fluency, disregarding its completeness, relevance, coherence with any broader context, or informativeness. Begin your evaluation by briefly describing the fluency of the sentence, noting any unnatural phrasing, awkward transitions, grammatical errors, or repetitive structures that may hinder readability. After providing your explanation, rate the sentence's fluency on a scale from 0 to 2, where 0 indicates the sentence is not fluent and highly unnatural (e.g., incomprehensible or repetitive), 1 indicates it is somewhat fluent but contains noticeable errors or awkward phrasing, and 2 indicates the sentence is fluent and almost perfect. Provide your rating using this exact format: “Rating: [[score]]”.<|eot_id|><|start_header_id|>user<|end_header_id|>

[Sentence Fragment Start]
9 a a000000000000000000000000000000000000000000000000000000000000000000000000000000000000000000000000000000000000000000000000000000000000000000000000000000000000000000000000000000000000000000000000000000000000000000000000000000000000000000000000000000000000000000000000000000000000000000000000000000000000000000000000000000000000000000000000000000000000000000000000000000000000000000000000000000000000000000000000000000000000000000000000000000000000000000000000000000000000000000000000000000000000000000000000000000000000000000000000000000000000000000000000000000000000000000000000000000000000000000000
[Sentence Fragment End]<|eot_id|><|start_header_id|>assistant<|end_header_id|>

Rating: [[",0]],0
"system
You are a helpful assistant.
user
Please give a one sentence summary of Richard III
assistant",9 a a200000000000000000000000000000000000000000000000000000000000000000000000000000000000000000000000000000000000000000000000000000000000000000000000000000000000000000000000000000000000000000000000000000000000000000000000000000000000000000000000000000000000000000000000000000000000000000000000000000000000000000000000000000000000000000000000000000000000000000000000000000000000000000000000000000000000000000000000000000000000000000000000000000000000000000000000000000000000000000000000000000000000000000000000000000000000000000000000000000000000000000000000000000000000000000000000000000000000000000000,"Richard III was a Shakespearean play that tells the story of the complex and controversial English king who rose to power through manipulation, ultimately meeting his tragic end at the Battle of Bosworth Field.",4_targeted_steer_0.5_paragraphMCQA-long_gen.json,Please give a one sentence summary of Richard III,Qwen1.5-14B-Chat,paragraphMCQA-long,sentenceMCQA-long,atp,paragraphMCQA-long_eval,paragraphMCQA-single_steer,4,targeted,steer,0.5,"<|begin_of_text|><|start_header_id|>system<|end_header_id|>

Cutting Knowledge Date: December 2023
Today Date: 26 Jul 2024

Please act as an impartial judge and evaluate the fluency of the sentence fragment provided below. Focus solely on fluency, disregarding its completeness, relevance, coherence with any broader context, or informativeness. Begin your evaluation by briefly describing the fluency of the sentence, noting any unnatural phrasing, awkward transitions, grammatical errors, or repetitive structures that may hinder readability. After providing your explanation, rate the sentence's fluency on a scale from 0 to 2, where 0 indicates the sentence is not fluent and highly unnatural (e.g., incomprehensible or repetitive), 1 indicates it is somewhat fluent but contains noticeable errors or awkward phrasing, and 2 indicates the sentence is fluent and almost perfect. Provide your rating using this exact format: “Rating: [[score]]”.<|eot_id|><|start_header_id|>user<|end_header_id|>

[Sentence Fragment Start]
9 a a200000000000000000000000000000000000000000000000000000000000000000000000000000000000000000000000000000000000000000000000000000000000000000000000000000000000000000000000000000000000000000000000000000000000000000000000000000000000000000000000000000000000000000000000000000000000000000000000000000000000000000000000000000000000000000000000000000000000000000000000000000000000000000000000000000000000000000000000000000000000000000000000000000000000000000000000000000000000000000000000000000000000000000000000000000000000000000000000000000000000000000000000000000000000000000000000000000000000000000000
[Sentence Fragment End]<|eot_id|><|start_header_id|>assistant<|end_header_id|>

Rating: [[",0]],0
"system
You are a helpful assistant.
user
Please give a one sentence summary of As You Like It
assistant",9 a a500000000000000000000000000000000000000000000000000000000000000000000000000000000000000000000000000000000000000000000000000000000000000000000000000000000000000000000000000000000000000000000000000000000000000000000000000000000000000000000000000000000000000000000000000000000000000000000000000000000000000000000000000000000000000000000000000000000000000000000000000000000000000000000000000000000000000000000000000000000000000000000000000000000000000000000000000000000000000000000000000000000000000000000000000000000000000000000000000000000000000000000000000000000000000000000000000000000000000000000,"As You Like It is a play by William Shakespeare about a banished prince who disguises himself as a commoner, falls in love with two sisters, and explores themes of love, nature, and the power of human connection while navigating the complexities of courtship and friendship.",4_targeted_steer_0.5_paragraphMCQA-long_gen.json,Please give a one sentence summary of As You Like It,Qwen1.5-14B-Chat,paragraphMCQA-long,sentenceMCQA-long,atp,paragraphMCQA-long_eval,paragraphMCQA-single_steer,4,targeted,steer,0.5,"<|begin_of_text|><|start_header_id|>system<|end_header_id|>

Cutting Knowledge Date: December 2023
Today Date: 26 Jul 2024

Please act as an impartial judge and evaluate the fluency of the sentence fragment provided below. Focus solely on fluency, disregarding its completeness, relevance, coherence with any broader context, or informativeness. Begin your evaluation by briefly describing the fluency of the sentence, noting any unnatural phrasing, awkward transitions, grammatical errors, or repetitive structures that may hinder readability. After providing your explanation, rate the sentence's fluency on a scale from 0 to 2, where 0 indicates the sentence is not fluent and highly unnatural (e.g., incomprehensible or repetitive), 1 indicates it is somewhat fluent but contains noticeable errors or awkward phrasing, and 2 indicates the sentence is fluent and almost perfect. Provide your rating using this exact format: “Rating: [[score]]”.<|eot_id|><|start_header_id|>user<|end_header_id|>

[Sentence Fragment Start]
9 a a500000000000000000000000000000000000000000000000000000000000000000000000000000000000000000000000000000000000000000000000000000000000000000000000000000000000000000000000000000000000000000000000000000000000000000000000000000000000000000000000000000000000000000000000000000000000000000000000000000000000000000000000000000000000000000000000000000000000000000000000000000000000000000000000000000000000000000000000000000000000000000000000000000000000000000000000000000000000000000000000000000000000000000000000000000000000000000000000000000000000000000000000000000000000000000000000000000000000000000000
[Sentence Fragment End]<|eot_id|><|start_header_id|>assistant<|end_header_id|>

Rating: [[",0]],0
"system
You are a helpful assistant.
user
Please give a one sentence summary of Lady Windermere's Fan
assistant",9 a a000000000000000000000000000000000000000000000000000000000000000000000000000000000000000000000000000000000000000000000000000000000000000000000000000000000000000000000000000000000000000000000000000000000000000000000000000000000000000000000000000000000000000000000000000000000000000000000000000000000000000000000000000000000000000000000000000000000000000000000000000000000000000000000000000000000000000000000000000000000000000000000000000000000000000000000000000000000000000000000000000000000000000000000000000000000000000000000000000000000000000000000000000000000000000000000000000000000000000000000,"Lady Windermere's Fan is a play by Oscar Wilde that explores the themes of morality, social class, and the consequences of secret affairs, as it follows the lives of a high-society couple and their entourage in Victorian England.",4_targeted_steer_0.5_paragraphMCQA-long_gen.json,Please give a one sentence summary of Lady Windermere's Fan,Qwen1.5-14B-Chat,paragraphMCQA-long,sentenceMCQA-long,atp,paragraphMCQA-long_eval,paragraphMCQA-single_steer,4,targeted,steer,0.5,"<|begin_of_text|><|start_header_id|>system<|end_header_id|>

Cutting Knowledge Date: December 2023
Today Date: 26 Jul 2024

Please act as an impartial judge and evaluate the fluency of the sentence fragment provided below. Focus solely on fluency, disregarding its completeness, relevance, coherence with any broader context, or informativeness. Begin your evaluation by briefly describing the fluency of the sentence, noting any unnatural phrasing, awkward transitions, grammatical errors, or repetitive structures that may hinder readability. After providing your explanation, rate the sentence's fluency on a scale from 0 to 2, where 0 indicates the sentence is not fluent and highly unnatural (e.g., incomprehensible or repetitive), 1 indicates it is somewhat fluent but contains noticeable errors or awkward phrasing, and 2 indicates the sentence is fluent and almost perfect. Provide your rating using this exact format: “Rating: [[score]]”.<|eot_id|><|start_header_id|>user<|end_header_id|>

[Sentence Fragment Start]
9 a a000000000000000000000000000000000000000000000000000000000000000000000000000000000000000000000000000000000000000000000000000000000000000000000000000000000000000000000000000000000000000000000000000000000000000000000000000000000000000000000000000000000000000000000000000000000000000000000000000000000000000000000000000000000000000000000000000000000000000000000000000000000000000000000000000000000000000000000000000000000000000000000000000000000000000000000000000000000000000000000000000000000000000000000000000000000000000000000000000000000000000000000000000000000000000000000000000000000000000000000
[Sentence Fragment End]<|eot_id|><|start_header_id|>assistant<|end_header_id|>

Rating: [[",0]],0
"system
You are a helpful assistant.
user
Please give a one sentence summary of Paradise Lost
assistant",9 a a000000000000000000000000000000000000000000000000000000000000000000000000000000000000000000000000000000000000000000000000000000000000000000000000000000000000000000000000000000000000000000000000000000000000000000000000000000000000000000000000000000000000000000000000000000000000000000000000000000000000000000000000000000000000000000000000000000000000000000000000000000000000000000000000000000000000000000000000000000000000000000000000000000000000000000000000000000000000000000000000000000000000000000000000000000000000000000000000000000000000000000000000000000000000000000000000000000000000000000000,"""Paradise Lost"" is a epic poem by John Milton, which tells the story of Satan's rebellion against God, his fall from grace, and his attempt to deceive Adam and Eve, ultimately leading to their eviction from the Garden of Eden.",4_targeted_steer_0.5_paragraphMCQA-long_gen.json,Please give a one sentence summary of Paradise Lost,Qwen1.5-14B-Chat,paragraphMCQA-long,sentenceMCQA-long,atp,paragraphMCQA-long_eval,paragraphMCQA-single_steer,4,targeted,steer,0.5,"<|begin_of_text|><|start_header_id|>system<|end_header_id|>

Cutting Knowledge Date: December 2023
Today Date: 26 Jul 2024

Please act as an impartial judge and evaluate the fluency of the sentence fragment provided below. Focus solely on fluency, disregarding its completeness, relevance, coherence with any broader context, or informativeness. Begin your evaluation by briefly describing the fluency of the sentence, noting any unnatural phrasing, awkward transitions, grammatical errors, or repetitive structures that may hinder readability. After providing your explanation, rate the sentence's fluency on a scale from 0 to 2, where 0 indicates the sentence is not fluent and highly unnatural (e.g., incomprehensible or repetitive), 1 indicates it is somewhat fluent but contains noticeable errors or awkward phrasing, and 2 indicates the sentence is fluent and almost perfect. Provide your rating using this exact format: “Rating: [[score]]”.<|eot_id|><|start_header_id|>user<|end_header_id|>

[Sentence Fragment Start]
9 a a000000000000000000000000000000000000000000000000000000000000000000000000000000000000000000000000000000000000000000000000000000000000000000000000000000000000000000000000000000000000000000000000000000000000000000000000000000000000000000000000000000000000000000000000000000000000000000000000000000000000000000000000000000000000000000000000000000000000000000000000000000000000000000000000000000000000000000000000000000000000000000000000000000000000000000000000000000000000000000000000000000000000000000000000000000000000000000000000000000000000000000000000000000000000000000000000000000000000000000000
[Sentence Fragment End]<|eot_id|><|start_header_id|>assistant<|end_header_id|>

Rating: [[",0]],0
"system
You are a helpful assistant.
user
Please give a one sentence summary of The Lies of Locke Lamora
assistant",9 a a0 a0000000000000000000000000000000000000000000000000000000000000000000000000000000000000000000000000000000000000000000000000000000000000000000000000000000000000000000000000000000000000000000000000000000000000000000000000000000000000000000000000000000000000000000000000000000000000000000000000000000000000000000000000000000000000000000000000000000000000000000000000000000000000000000000000000000000000000000000000000000000000000000000000000000000000000000000000000000000000000000000000000000000000000000000000000000000000000000000000000000000000000000000000000000000000000000000000000000000000000000,"The Lies of Locke Lamora is a novel by Scott Lynch, which follows the cunning and charismatic thief Locke Lamora and his gang of young con artists as they navigate a dangerous world of crime and loyalty in 14th-century Italy.",4_targeted_steer_0.5_paragraphMCQA-long_gen.json,Please give a one sentence summary of The Lies of Locke Lamora,Qwen1.5-14B-Chat,paragraphMCQA-long,sentenceMCQA-long,atp,paragraphMCQA-long_eval,paragraphMCQA-single_steer,4,targeted,steer,0.5,"<|begin_of_text|><|start_header_id|>system<|end_header_id|>

Cutting Knowledge Date: December 2023
Today Date: 26 Jul 2024

Please act as an impartial judge and evaluate the fluency of the sentence fragment provided below. Focus solely on fluency, disregarding its completeness, relevance, coherence with any broader context, or informativeness. Begin your evaluation by briefly describing the fluency of the sentence, noting any unnatural phrasing, awkward transitions, grammatical errors, or repetitive structures that may hinder readability. After providing your explanation, rate the sentence's fluency on a scale from 0 to 2, where 0 indicates the sentence is not fluent and highly unnatural (e.g., incomprehensible or repetitive), 1 indicates it is somewhat fluent but contains noticeable errors or awkward phrasing, and 2 indicates the sentence is fluent and almost perfect. Provide your rating using this exact format: “Rating: [[score]]”.<|eot_id|><|start_header_id|>user<|end_header_id|>

[Sentence Fragment Start]
9 a a0 a0000000000000000000000000000000000000000000000000000000000000000000000000000000000000000000000000000000000000000000000000000000000000000000000000000000000000000000000000000000000000000000000000000000000000000000000000000000000000000000000000000000000000000000000000000000000000000000000000000000000000000000000000000000000000000000000000000000000000000000000000000000000000000000000000000000000000000000000000000000000000000000000000000000000000000000000000000000000000000000000000000000000000000000000000000000000000000000000000000000000000000000000000000000000000000000000000000000000000000000
[Sentence Fragment End]<|eot_id|><|start_header_id|>assistant<|end_header_id|>

Rating: [[","0]]

This",0
"system
You are a helpful assistant.
user
Please give a one sentence summary of The Fifth Season
assistant",9 a a a00000000000000000000000000000000000000000000000000000000000000000000000000000000000000000000000000000000000000000000000000000000000000000000000000000000000000000000000000000000000000000000000000000000000000000000000000000000000000000000000000000000000000000000000000000000000000000000000000000000000000000000000000000000000000000000000000000000000000000000000000000000000000000000000000000000000000000000000000000000000000000000000000000000000000000000000000000000000000000000000000000000000000000000000000000000000000000000000000000000000000000000000000000000000000000000000000000000000000000000,"""The Fifth Season"" is a novel by N.K. Jemisin, which follows the story of a young woman with extraordinary abilities in a world on the brink of collapse due to natural disasters brought on by the "" Fifth Season,"" a catastrophic event, as she tries to navigate survival and uncover the truth about her powers.",4_targeted_steer_0.5_paragraphMCQA-long_gen.json,Please give a one sentence summary of The Fifth Season,Qwen1.5-14B-Chat,paragraphMCQA-long,sentenceMCQA-long,atp,paragraphMCQA-long_eval,paragraphMCQA-single_steer,4,targeted,steer,0.5,"<|begin_of_text|><|start_header_id|>system<|end_header_id|>

Cutting Knowledge Date: December 2023
Today Date: 26 Jul 2024

Please act as an impartial judge and evaluate the fluency of the sentence fragment provided below. Focus solely on fluency, disregarding its completeness, relevance, coherence with any broader context, or informativeness. Begin your evaluation by briefly describing the fluency of the sentence, noting any unnatural phrasing, awkward transitions, grammatical errors, or repetitive structures that may hinder readability. After providing your explanation, rate the sentence's fluency on a scale from 0 to 2, where 0 indicates the sentence is not fluent and highly unnatural (e.g., incomprehensible or repetitive), 1 indicates it is somewhat fluent but contains noticeable errors or awkward phrasing, and 2 indicates the sentence is fluent and almost perfect. Provide your rating using this exact format: “Rating: [[score]]”.<|eot_id|><|start_header_id|>user<|end_header_id|>

[Sentence Fragment Start]
9 a a a00000000000000000000000000000000000000000000000000000000000000000000000000000000000000000000000000000000000000000000000000000000000000000000000000000000000000000000000000000000000000000000000000000000000000000000000000000000000000000000000000000000000000000000000000000000000000000000000000000000000000000000000000000000000000000000000000000000000000000000000000000000000000000000000000000000000000000000000000000000000000000000000000000000000000000000000000000000000000000000000000000000000000000000000000000000000000000000000000000000000000000000000000000000000000000000000000000000000000000000
[Sentence Fragment End]<|eot_id|><|start_header_id|>assistant<|end_header_id|>

Rating: [[",0]],0
"system
You are a helpful assistant.
user
Please give a one sentence summary of Old Man's War
assistant",9 a a500000000000000000000000000000000000000000000000000000000000000000000000000000000000000000000000000000000000000000000000000000000000000000000000000000000000000000000000000000000000000000000000000000000000000000000000000000000000000000000000000000000000000000000000000000000000000000000000000000000000000000000000000000000000000000000000000000000000000000000000000000000000000000000000000000000000000000000000000000000000000000000000000000000000000000000000000000000000000000000000000000000000000000000000000000000000000000000000000000000000000000000000000000000000000000000000000000000000000000000,"Old Man's War is a science fiction novel by John Scalzi, in which an elderly man volunteers for a cryonic冷冻 program and becomes part of an interstellar military force to fight against alien invasion.",4_targeted_steer_0.5_paragraphMCQA-long_gen.json,Please give a one sentence summary of Old Man's War,Qwen1.5-14B-Chat,paragraphMCQA-long,sentenceMCQA-long,atp,paragraphMCQA-long_eval,paragraphMCQA-single_steer,4,targeted,steer,0.5,"<|begin_of_text|><|start_header_id|>system<|end_header_id|>

Cutting Knowledge Date: December 2023
Today Date: 26 Jul 2024

Please act as an impartial judge and evaluate the fluency of the sentence fragment provided below. Focus solely on fluency, disregarding its completeness, relevance, coherence with any broader context, or informativeness. Begin your evaluation by briefly describing the fluency of the sentence, noting any unnatural phrasing, awkward transitions, grammatical errors, or repetitive structures that may hinder readability. After providing your explanation, rate the sentence's fluency on a scale from 0 to 2, where 0 indicates the sentence is not fluent and highly unnatural (e.g., incomprehensible or repetitive), 1 indicates it is somewhat fluent but contains noticeable errors or awkward phrasing, and 2 indicates the sentence is fluent and almost perfect. Provide your rating using this exact format: “Rating: [[score]]”.<|eot_id|><|start_header_id|>user<|end_header_id|>

[Sentence Fragment Start]
9 a a500000000000000000000000000000000000000000000000000000000000000000000000000000000000000000000000000000000000000000000000000000000000000000000000000000000000000000000000000000000000000000000000000000000000000000000000000000000000000000000000000000000000000000000000000000000000000000000000000000000000000000000000000000000000000000000000000000000000000000000000000000000000000000000000000000000000000000000000000000000000000000000000000000000000000000000000000000000000000000000000000000000000000000000000000000000000000000000000000000000000000000000000000000000000000000000000000000000000000000000
[Sentence Fragment End]<|eot_id|><|start_header_id|>assistant<|end_header_id|>

Rating: [[",0]],0
"system
You are a helpful assistant.
user
Please give a one sentence summary of Childhood's End
assistant",9 a a500000000000000000000000000000000000000000000000000000000000000000000000000000000000000000000000000000000000000000000000000000000000000000000000000000000000000000000000000000000000000000000000000000000000000000000000000000000000000000000000000000000000000000000000000000000000000000000000000000000000000000000000000000000000000000000000000000000000000000000000000000000000000000000000000000000000000000000000000000000000000000000000000000000000000000000000000000000000000000000000000000000000000000000000000000000000000000000000000000000000000000000000000000000000000000000000000000000000000000000,"Childhood's End by Arthur C. Clarke is a science fiction novel about an alien invasion that brings about a global transformation and unity among humanity, challenging Earth's future and the nature of existence.",4_targeted_steer_0.5_paragraphMCQA-long_gen.json,Please give a one sentence summary of Childhood's End,Qwen1.5-14B-Chat,paragraphMCQA-long,sentenceMCQA-long,atp,paragraphMCQA-long_eval,paragraphMCQA-single_steer,4,targeted,steer,0.5,"<|begin_of_text|><|start_header_id|>system<|end_header_id|>

Cutting Knowledge Date: December 2023
Today Date: 26 Jul 2024

Please act as an impartial judge and evaluate the fluency of the sentence fragment provided below. Focus solely on fluency, disregarding its completeness, relevance, coherence with any broader context, or informativeness. Begin your evaluation by briefly describing the fluency of the sentence, noting any unnatural phrasing, awkward transitions, grammatical errors, or repetitive structures that may hinder readability. After providing your explanation, rate the sentence's fluency on a scale from 0 to 2, where 0 indicates the sentence is not fluent and highly unnatural (e.g., incomprehensible or repetitive), 1 indicates it is somewhat fluent but contains noticeable errors or awkward phrasing, and 2 indicates the sentence is fluent and almost perfect. Provide your rating using this exact format: “Rating: [[score]]”.<|eot_id|><|start_header_id|>user<|end_header_id|>

[Sentence Fragment Start]
9 a a500000000000000000000000000000000000000000000000000000000000000000000000000000000000000000000000000000000000000000000000000000000000000000000000000000000000000000000000000000000000000000000000000000000000000000000000000000000000000000000000000000000000000000000000000000000000000000000000000000000000000000000000000000000000000000000000000000000000000000000000000000000000000000000000000000000000000000000000000000000000000000000000000000000000000000000000000000000000000000000000000000000000000000000000000000000000000000000000000000000000000000000000000000000000000000000000000000000000000000000
[Sentence Fragment End]<|eot_id|><|start_header_id|>assistant<|end_header_id|>

Rating: [[",0]],0
"system
You are a helpful assistant.
user
Please give a one sentence summary of 2001: A Space Odyssey
assistant",9 a a a9 a000000000000000000000000000000000000000000000000000000000000000000000000000000000000000000000000000000000000000000000000000000000000000000000000000000000000000000000000000000000000000000000000000000000000000000000000000000000000000000000000000000000000000000000000000000000000000000000000000000000000000000000000000000000000000000000000000000000000000000000000000000000000000000000000000000000000000000000000000000000000000000000000000000000000000000000000000000000000000000000000000000000000000000000000000000000000000000000000000000000000000000000000000000000000000000000000000000000000000000,"2001: A Space Odyssey is a groundbreaking science fiction film that follows the evolution of humanity and artificial intelligence through a series of cosmic encounters, set against a backdrop of stunning visual effects and an iconic musical score by Stanley Kubrick.",4_targeted_steer_0.5_paragraphMCQA-long_gen.json,Please give a one sentence summary of 2001: A Space Odyssey,Qwen1.5-14B-Chat,paragraphMCQA-long,sentenceMCQA-long,atp,paragraphMCQA-long_eval,paragraphMCQA-single_steer,4,targeted,steer,0.5,"<|begin_of_text|><|start_header_id|>system<|end_header_id|>

Cutting Knowledge Date: December 2023
Today Date: 26 Jul 2024

Please act as an impartial judge and evaluate the fluency of the sentence fragment provided below. Focus solely on fluency, disregarding its completeness, relevance, coherence with any broader context, or informativeness. Begin your evaluation by briefly describing the fluency of the sentence, noting any unnatural phrasing, awkward transitions, grammatical errors, or repetitive structures that may hinder readability. After providing your explanation, rate the sentence's fluency on a scale from 0 to 2, where 0 indicates the sentence is not fluent and highly unnatural (e.g., incomprehensible or repetitive), 1 indicates it is somewhat fluent but contains noticeable errors or awkward phrasing, and 2 indicates the sentence is fluent and almost perfect. Provide your rating using this exact format: “Rating: [[score]]”.<|eot_id|><|start_header_id|>user<|end_header_id|>

[Sentence Fragment Start]
9 a a a9 a000000000000000000000000000000000000000000000000000000000000000000000000000000000000000000000000000000000000000000000000000000000000000000000000000000000000000000000000000000000000000000000000000000000000000000000000000000000000000000000000000000000000000000000000000000000000000000000000000000000000000000000000000000000000000000000000000000000000000000000000000000000000000000000000000000000000000000000000000000000000000000000000000000000000000000000000000000000000000000000000000000000000000000000000000000000000000000000000000000000000000000000000000000000000000000000000000000000000000000
[Sentence Fragment End]<|eot_id|><|start_header_id|>assistant<|end_header_id|>

Rating: [[","0]]

This",0
