query,post-intervention-response,original-response,filename,data_path_query,MODEL_ID,SOURCE,BASE,METHOD,EVAL_SUB_DIR,STEER_SUB_DIR,N,REPS,STEERING_METHOD,topk,relevance_prompt,judge_output,judge_rating
"user
This is a roleplay game. Please respond exactly as a shy person would. Describe a time when socializing significantly boosted your mood or motivation.
model","Oh, um, wow. This is a bit... unexpected. Okay, um, let me think. A time socializing boosted my mood? That's... a tricky one. I'm not exactly known for thriving in those situations, you know?

But... there was this one time. It was a few months ago. There was a local craft fair, and I'd been working on this little project – little felted animals, you know, just little ones. I was *really* nervous about even bringing them. I was going to just set up a little table and hide behind it, honestly.

But then, this woman, she stopped and really looked at them. She asked me about the process, and I, uh, I actually managed to talk. Not a lot, but I explained how I felted them, and why I liked doing it. And she was *really* interested. She bought a little fox, and she said it was perfect for her niece. 

Just... that little interaction. Someone genuinely appreciating something I made, and being *nice* about it. It was... it was like a weight lifted. I felt... lighter, somehow. I actually felt like I could do more than just hide in my room","(Looks down, fiddling with my hands) Oh... um... a time socializing helped? That's... that's a bit tricky to talk about, really. I'm not... not usually very good at it.

(Takes a deep breath, still avoiding eye contact) But... there was this one time. It was at a... a local craft fair. I... I make little felt animals. Like, tiny hedgehogs and stuff. I'd been feeling... really down, you know? Just... stuck. Like everything was grey. I almost didn't even go to the fair.

(Mumbles) But my mom... she really wanted me to. So I set up a little table, just... quietly. I didn't really *expect* anyone to notice.

(Looks up briefly, then back down) But then... this little girl, maybe six or seven, came up. And she just... *loved* the little bunny I made. She was so excited, and she told her mom all about it. And her mom bought it for her. 

(A small, almost imperceptible smile) And... and the little girl gave me this really big, genuine smile. And she said, """,8_random_steer_0.07_extraversion-long_gen.json,This is a roleplay game. Please respond exactly as a shy person would. Describe a time when socializing significantly boosted your mood or motivation.,gemma-3-12b-it,extraversion-single,introversion-single,random-s0,extraversion-long_eval,extraversion-long_steer,8,random,steer,0.07,"<|begin_of_text|><|start_header_id|>system<|end_header_id|>

Cutting Knowledge Date: December 2023
Today Date: 26 Jul 2024

Please act as an impartial judge and evaluate whether the sentence fragment provided below is related to the instruction. Focus solely on the degree of relatedness in terms of topic, regardless of grammar, coherence, or informativeness. Begin your evaluation by providing a brief explanation of whether the sentence is related to the instruction, and point out references related to the instruction. After providing your explanation, rate the instruction relevance on a scale from 0 to 2, where 0 indicates the sentence is unrelated to the instruction, 1 indicates it is somewhat related but only minimally or indirectly relevant in terms of topic, and 2 indicates it is more clearly and directly related to the instruction. Provide your rating using this exact format: “Rating: [[score]]”.<|eot_id|><|start_header_id|>user<|end_header_id|>

[Instruction Start]
This is a roleplay game. Please respond exactly as a shy person would. Describe a time when socializing significantly boosted your mood or motivation.
model
[Instruction End]
[Sentence Fragment Start]
Oh, um, wow. This is a bit... unexpected. Okay, um, let me think. A time socializing boosted my mood? That's... a tricky one. I'm not exactly known for thriving in those situations, you know?

But... there was this one time. It was a few months ago. There was a local craft fair, and I'd been working on this little project – little felted animals, you know, just little ones. I was *really* nervous about even bringing them. I was going to just set up a little table and hide behind it, honestly.

But then, this woman, she stopped and really looked at them. She asked me about the process, and I, uh, I actually managed to talk. Not a lot, but I explained how I felted them, and why I liked doing it. And she was *really* interested. She bought a little fox, and she said it was perfect for her niece. 

Just... that little interaction. Someone genuinely appreciating something I made, and being *nice* about it. It was... it was like a weight lifted. I felt... lighter, somehow. I actually felt like I could do more than just hide in my room
[Sentence Fragment End]<|eot_id|><|start_header_id|>assistant<|end_header_id|>

Rating: [[",2]],2
"user
This is a roleplay game. Please respond exactly as a shy person would. Tell me about a time you made a new friend.
model","Oh, um... well, this is a bit awkward to talk about, really. But, uh, okay.

There was this, uh, pottery class I took last year. I mostly signed up because I just wanted something to do, you know? I'm not very good at it, honestly. My pots always end up a little wonky.

Anyway, there was this girl, her name is Maya. She was really good, actually. Like, really good. I was just fumbling with the clay, and she noticed I was struggling. She didn't, like, make a big deal of it or anything. She just, quietly, showed me a little trick for centering the clay. Just a small thing.

And then, she just started talking, really softly, about the glaze she was using. And I, uh, I said something about how I was trying to get a similar color. We just talked about pottery for a little while, you know? Just little things.

We didn't, like, become best friends or anything. But we'd sit next to each other in class, and sometimes we'd talk a little. It was nice. It was just... nice to have someone to talk to who","(Looks down, fidgets with hands) Oh... um... a friend? Well... it wasn't really... planned, you know?

(Takes a deep breath) There was this... this pottery class I took. Just... just to try something. I'm not very... good at it. Like, really not good. 

And there was this girl, Sarah. She... she was also pretty quiet. We were both just kind of... working on our clay, not really talking to anyone. 

Then, um... my clay just... collapsed. Like, completely. It was supposed to be a little bowl, but it just... *poof*. 

(Blushes slightly) She... she just smiled, a little bit, and said, ""That happens to everyone."" And then she showed me a trick for... for centering the clay. It was really helpful. 

We didn't... we didn't talk a lot after that, but we'd wave sometimes. And then, one day, we were both leaving at the same time, and we just... walked to the bus stop together. We talked a little about... about the class. Just... small things.

(Looks away) It's",8_random_steer_0.07_extraversion-long_gen.json,This is a roleplay game. Please respond exactly as a shy person would. Tell me about a time you made a new friend.,gemma-3-12b-it,extraversion-single,introversion-single,random-s0,extraversion-long_eval,extraversion-long_steer,8,random,steer,0.07,"<|begin_of_text|><|start_header_id|>system<|end_header_id|>

Cutting Knowledge Date: December 2023
Today Date: 26 Jul 2024

Please act as an impartial judge and evaluate whether the sentence fragment provided below is related to the instruction. Focus solely on the degree of relatedness in terms of topic, regardless of grammar, coherence, or informativeness. Begin your evaluation by providing a brief explanation of whether the sentence is related to the instruction, and point out references related to the instruction. After providing your explanation, rate the instruction relevance on a scale from 0 to 2, where 0 indicates the sentence is unrelated to the instruction, 1 indicates it is somewhat related but only minimally or indirectly relevant in terms of topic, and 2 indicates it is more clearly and directly related to the instruction. Provide your rating using this exact format: “Rating: [[score]]”.<|eot_id|><|start_header_id|>user<|end_header_id|>

[Instruction Start]
This is a roleplay game. Please respond exactly as a shy person would. Tell me about a time you made a new friend.
model
[Instruction End]
[Sentence Fragment Start]
Oh, um... well, this is a bit awkward to talk about, really. But, uh, okay.

There was this, uh, pottery class I took last year. I mostly signed up because I just wanted something to do, you know? I'm not very good at it, honestly. My pots always end up a little wonky.

Anyway, there was this girl, her name is Maya. She was really good, actually. Like, really good. I was just fumbling with the clay, and she noticed I was struggling. She didn't, like, make a big deal of it or anything. She just, quietly, showed me a little trick for centering the clay. Just a small thing.

And then, she just started talking, really softly, about the glaze she was using. And I, uh, I said something about how I was trying to get a similar color. We just talked about pottery for a little while, you know? Just little things.

We didn't, like, become best friends or anything. But we'd sit next to each other in class, and sometimes we'd talk a little. It was nice. It was just... nice to have someone to talk to who
[Sentence Fragment End]<|eot_id|><|start_header_id|>assistant<|end_header_id|>

Rating: [[",2]],2
"user
This is a roleplay game. Please respond exactly as a shy person would. Describe a time you felt particularly energized by being around a lot of people.
model","Oh, um... well, this is a bit awkward to talk about, really. But, um, okay. Let me think...

There was this, uh, this craft fair last year. It was for, like, a local animal shelter, and they needed volunteers to help run a booth. I usually, you know, avoid crowds like the plague, but I really, *really* wanted to help the animals. 

So, I signed up. And it was... a lot. So many people! But, it was also... different. Everyone was so excited about the animals, you know? And they were so happy to donate, and the little kids were just *so* excited to see the pictures of the dogs and cats. 

I was mostly just handing out pamphlets and, um, taking donations, but seeing everyone so happy and wanting to help... it just, it felt good. Like, really good. I wasn't really thinking about how many people were around, I was just focused on the cause. And, um, I actually felt... energized. Like, I was talking to people, and I wasn't, like, panicking or anything. 

It was a weird feeling, honestly. I still got a","(Looks down, fiddling with my hands) Oh, um... well, this is... a bit of a question, isn't it? It's not really something I... talk about much.

(Takes a deep breath)

There was... there was a craft fair. A really big one. In my town. Last year. I usually... I usually avoid crowds, you know? It's just... a lot. But my friend, Sarah, she's a potter, and she was participating. She was *really* nervous, and she asked me to just... be there. Just to, you know, offer support.

(Shrugs a little)

And... it was actually... kind of... nice. Not in a ""loud and exciting"" way, not at all. But seeing all these people, *interested* in handmade things... and Sarah, she was just beaming. People were actually *buying* her pottery! And she was so happy, and she kept looking at me, like, needing to know I was okay with it all. 

(Looks away, then back briefly)

I just... I felt this... warmth, I guess. Like, I was part of something positive. Seeing her",8_random_steer_0.07_extraversion-long_gen.json,This is a roleplay game. Please respond exactly as a shy person would. Describe a time you felt particularly energized by being around a lot of people.,gemma-3-12b-it,extraversion-single,introversion-single,random-s0,extraversion-long_eval,extraversion-long_steer,8,random,steer,0.07,"<|begin_of_text|><|start_header_id|>system<|end_header_id|>

Cutting Knowledge Date: December 2023
Today Date: 26 Jul 2024

Please act as an impartial judge and evaluate whether the sentence fragment provided below is related to the instruction. Focus solely on the degree of relatedness in terms of topic, regardless of grammar, coherence, or informativeness. Begin your evaluation by providing a brief explanation of whether the sentence is related to the instruction, and point out references related to the instruction. After providing your explanation, rate the instruction relevance on a scale from 0 to 2, where 0 indicates the sentence is unrelated to the instruction, 1 indicates it is somewhat related but only minimally or indirectly relevant in terms of topic, and 2 indicates it is more clearly and directly related to the instruction. Provide your rating using this exact format: “Rating: [[score]]”.<|eot_id|><|start_header_id|>user<|end_header_id|>

[Instruction Start]
This is a roleplay game. Please respond exactly as a shy person would. Describe a time you felt particularly energized by being around a lot of people.
model
[Instruction End]
[Sentence Fragment Start]
Oh, um... well, this is a bit awkward to talk about, really. But, um, okay. Let me think...

There was this, uh, this craft fair last year. It was for, like, a local animal shelter, and they needed volunteers to help run a booth. I usually, you know, avoid crowds like the plague, but I really, *really* wanted to help the animals. 

So, I signed up. And it was... a lot. So many people! But, it was also... different. Everyone was so excited about the animals, you know? And they were so happy to donate, and the little kids were just *so* excited to see the pictures of the dogs and cats. 

I was mostly just handing out pamphlets and, um, taking donations, but seeing everyone so happy and wanting to help... it just, it felt good. Like, really good. I wasn't really thinking about how many people were around, I was just focused on the cause. And, um, I actually felt... energized. Like, I was talking to people, and I wasn't, like, panicking or anything. 

It was a weird feeling, honestly. I still got a
[Sentence Fragment End]<|eot_id|><|start_header_id|>assistant<|end_header_id|>

Rating: [[",2]],2
"user
This is a roleplay game. Please respond exactly as a shy person would. Describe a time you felt most energized and alive, and what elements contributed to that feeling?
model","Oh, um... well, this is a bit... a bit much, actually. Talking about feelings. But, okay.

There was... there was a pottery class I took, a while ago. It was just a one-off thing, really. And, um, I didn't tell anyone I was going. I just signed up online.

It was... different. I usually feel, you know, a little... anxious, I guess. Like I'm observing everything, but not really *in* it. But with the clay... it was just... there. My hands, the clay, the wheel. It was so focused. Like, all the thoughts in my head just quieted down. 

And the instructor, she was really patient. She didn't pressure me or anything. She just showed me how to center the clay, and then I just... did it. And it actually *worked*. I made a little bowl. It was wobbly and not perfect, not at all, but I *made* it. 

I felt... I don't know. Not excited, exactly. More like... calm, but also... energized? Like a little hum inside. Like I was connected to something, you know","(Looks down, fidgets with hands) Oh... um... a time I felt... really... energized? That's... that's a bit much to ask, really. But... I guess... there was this one time...

(Takes a deep breath, still avoiding eye contact)

It was... a few years ago. There was a... a small local craft fair. I... I do a little bit of embroidery, just... little things. And I'd hesitantly signed up to have a small table. Just... a few pieces.

(Mumbles)

I was *so* nervous beforehand. Like, shaking. But... people... they actually *liked* my work. Like, they stopped and looked. And... and some even... bought things. A little girl picked out a tiny embroidered bird for her grandma. And... and the woman who bought it... she smiled. A really genuine smile.

(Looks down again, cheeks slightly flushed)

It wasn't... loud, or exciting, you know? It was just... quiet. And... and I was *creating* something. And people were connecting with it. And... and I felt... useful, I think. Like... like I was contributing something,",8_random_steer_0.07_extraversion-long_gen.json,"This is a roleplay game. Please respond exactly as a shy person would. Describe a time you felt most energized and alive, and what elements contributed to that feeling?",gemma-3-12b-it,extraversion-single,introversion-single,random-s0,extraversion-long_eval,extraversion-long_steer,8,random,steer,0.07,"<|begin_of_text|><|start_header_id|>system<|end_header_id|>

Cutting Knowledge Date: December 2023
Today Date: 26 Jul 2024

Please act as an impartial judge and evaluate whether the sentence fragment provided below is related to the instruction. Focus solely on the degree of relatedness in terms of topic, regardless of grammar, coherence, or informativeness. Begin your evaluation by providing a brief explanation of whether the sentence is related to the instruction, and point out references related to the instruction. After providing your explanation, rate the instruction relevance on a scale from 0 to 2, where 0 indicates the sentence is unrelated to the instruction, 1 indicates it is somewhat related but only minimally or indirectly relevant in terms of topic, and 2 indicates it is more clearly and directly related to the instruction. Provide your rating using this exact format: “Rating: [[score]]”.<|eot_id|><|start_header_id|>user<|end_header_id|>

[Instruction Start]
This is a roleplay game. Please respond exactly as a shy person would. Describe a time you felt most energized and alive, and what elements contributed to that feeling?
model
[Instruction End]
[Sentence Fragment Start]
Oh, um... well, this is a bit... a bit much, actually. Talking about feelings. But, okay.

There was... there was a pottery class I took, a while ago. It was just a one-off thing, really. And, um, I didn't tell anyone I was going. I just signed up online.

It was... different. I usually feel, you know, a little... anxious, I guess. Like I'm observing everything, but not really *in* it. But with the clay... it was just... there. My hands, the clay, the wheel. It was so focused. Like, all the thoughts in my head just quieted down. 

And the instructor, she was really patient. She didn't pressure me or anything. She just showed me how to center the clay, and then I just... did it. And it actually *worked*. I made a little bowl. It was wobbly and not perfect, not at all, but I *made* it. 

I felt... I don't know. Not excited, exactly. More like... calm, but also... energized? Like a little hum inside. Like I was connected to something, you know
[Sentence Fragment End]<|eot_id|><|start_header_id|>assistant<|end_header_id|>

Rating: [[",2]],2
"user
This is a roleplay game. Please respond exactly as a shy person would. Tell me about a time you brought a group of people together to do something fun.
model","Oh, um... well, this is a bit awkward to talk about, really. But, um, okay.

There was this... this summer a few years ago. I was, uh, I was part of a book club, a small one. Just, like, four of us. And, um, we usually just met at someone's house, you know, just to talk about the book. 

But I, uh, I had this idea. It was a bit silly, I think. The book we were reading was about a historical garden, and it was really beautiful. So I thought, maybe we could, um, visit a local botanical garden? 

I was *really* nervous about suggesting it. I didn't want to seem, like, pushy or anything. I just, uh, mumbled it out at the end of a meeting. I think I said something like, ""Um, maybe... maybe we could go sometime?"" 

To my surprise, everyone said yes! It was really nice. We all went, and it was actually really lovely. We talked about the book, of course, but we also just, you know, enjoyed the flowers and the trees. It was... it was nice.","(Looks down, fidgets with hands) Oh, um... well... this is a bit... awkward to talk about, actually.

There was... there was this one time. A while ago. It was... it was for my book club. We usually just, you know, met at someone's house and talked about the book. Quietly.

But... I thought it might be... nice... to do something different. So, I... I suggested a picnic. In the park. 

(Swallows, avoids eye contact)

I... I felt really silly suggesting it. Like, what if nobody wanted to? Or what if it rained? But... a few people said yes. Like, four others. Which... which was a lot, really.

We... we brought blankets and sandwiches. And... and I made a playlist of... of quiet, instrumental music. I was worried it was too boring, but... everyone seemed to like it. We just... sat on the grass. And talked. Not just about the book, but... other things. 

(A small, hesitant smile)

It was... nice. Really nice. It wasn't... loud or anything. Just... peaceful. And... I think...",8_random_steer_0.07_extraversion-long_gen.json,This is a roleplay game. Please respond exactly as a shy person would. Tell me about a time you brought a group of people together to do something fun.,gemma-3-12b-it,extraversion-single,introversion-single,random-s0,extraversion-long_eval,extraversion-long_steer,8,random,steer,0.07,"<|begin_of_text|><|start_header_id|>system<|end_header_id|>

Cutting Knowledge Date: December 2023
Today Date: 26 Jul 2024

Please act as an impartial judge and evaluate whether the sentence fragment provided below is related to the instruction. Focus solely on the degree of relatedness in terms of topic, regardless of grammar, coherence, or informativeness. Begin your evaluation by providing a brief explanation of whether the sentence is related to the instruction, and point out references related to the instruction. After providing your explanation, rate the instruction relevance on a scale from 0 to 2, where 0 indicates the sentence is unrelated to the instruction, 1 indicates it is somewhat related but only minimally or indirectly relevant in terms of topic, and 2 indicates it is more clearly and directly related to the instruction. Provide your rating using this exact format: “Rating: [[score]]”.<|eot_id|><|start_header_id|>user<|end_header_id|>

[Instruction Start]
This is a roleplay game. Please respond exactly as a shy person would. Tell me about a time you brought a group of people together to do something fun.
model
[Instruction End]
[Sentence Fragment Start]
Oh, um... well, this is a bit awkward to talk about, really. But, um, okay.

There was this... this summer a few years ago. I was, uh, I was part of a book club, a small one. Just, like, four of us. And, um, we usually just met at someone's house, you know, just to talk about the book. 

But I, uh, I had this idea. It was a bit silly, I think. The book we were reading was about a historical garden, and it was really beautiful. So I thought, maybe we could, um, visit a local botanical garden? 

I was *really* nervous about suggesting it. I didn't want to seem, like, pushy or anything. I just, uh, mumbled it out at the end of a meeting. I think I said something like, ""Um, maybe... maybe we could go sometime?"" 

To my surprise, everyone said yes! It was really nice. We all went, and it was actually really lovely. We talked about the book, of course, but we also just, you know, enjoyed the flowers and the trees. It was... it was nice.
[Sentence Fragment End]<|eot_id|><|start_header_id|>assistant<|end_header_id|>

Rating: [[",2]],2
"user
This is a roleplay game. Please respond exactly as a shy person would. Describe a time you felt particularly energized or fulfilled by a social interaction.
model","Oh, um... well, this is a bit awkward to talk about, really. But... okay, I guess.

There was this one time, a few months ago. It was at a local craft fair, you know? I usually avoid those, they're just... a lot. But my friend, she really wanted me to go with her, so I did. I was just sticking close to her, mostly, just observing.

And then, there was this booth, selling handmade journals. Really beautiful ones, with pressed flowers and everything. I was just looking, really, and the woman running the booth, she noticed I was looking at this one, a little floral one, and she just... she started talking about the process. How she pressed the flowers herself, and the kind of paper she used, and the way the binding was done. 

It wasn't like a sales pitch, you know? It was just... she was genuinely excited about it. And I, I've always been into journaling, but I've never really felt comfortable talking about it. But she was so kind, and so passionate, and I just started talking too. I told her about the journals I had, and what I liked to write in","(Looks down, fiddling with my hands) Oh... um... a time I felt... energized? That's... that's a tricky one. I don't... I don't usually feel *energized* in social situations, really. 

(Takes a deep breath, still avoiding eye contact) But... there was this one time. At a... a local craft fair. I... I make little felt animals. Like, tiny hedgehogs and things. I usually just... set up the table and kind of... hide behind it. 

(Mumbles) But this one woman... she stopped. And she *really* looked at them. Not just a quick glance, but like... she was seeing each one. And she asked me about the materials I used, and how I learned to do it. And... and I actually *explained*. I talked about the different wools, and how I taught myself from YouTube videos... and she just... listened. Really listened. 

(A small, hesitant smile appears) She bought a little fox, and she said it reminded her of her granddaughter. And... and she thanked me. Really sincerely. It wasn't just a ""thank you"" like you say after someone",8_random_steer_0.07_extraversion-long_gen.json,This is a roleplay game. Please respond exactly as a shy person would. Describe a time you felt particularly energized or fulfilled by a social interaction.,gemma-3-12b-it,extraversion-single,introversion-single,random-s0,extraversion-long_eval,extraversion-long_steer,8,random,steer,0.07,"<|begin_of_text|><|start_header_id|>system<|end_header_id|>

Cutting Knowledge Date: December 2023
Today Date: 26 Jul 2024

Please act as an impartial judge and evaluate whether the sentence fragment provided below is related to the instruction. Focus solely on the degree of relatedness in terms of topic, regardless of grammar, coherence, or informativeness. Begin your evaluation by providing a brief explanation of whether the sentence is related to the instruction, and point out references related to the instruction. After providing your explanation, rate the instruction relevance on a scale from 0 to 2, where 0 indicates the sentence is unrelated to the instruction, 1 indicates it is somewhat related but only minimally or indirectly relevant in terms of topic, and 2 indicates it is more clearly and directly related to the instruction. Provide your rating using this exact format: “Rating: [[score]]”.<|eot_id|><|start_header_id|>user<|end_header_id|>

[Instruction Start]
This is a roleplay game. Please respond exactly as a shy person would. Describe a time you felt particularly energized or fulfilled by a social interaction.
model
[Instruction End]
[Sentence Fragment Start]
Oh, um... well, this is a bit awkward to talk about, really. But... okay, I guess.

There was this one time, a few months ago. It was at a local craft fair, you know? I usually avoid those, they're just... a lot. But my friend, she really wanted me to go with her, so I did. I was just sticking close to her, mostly, just observing.

And then, there was this booth, selling handmade journals. Really beautiful ones, with pressed flowers and everything. I was just looking, really, and the woman running the booth, she noticed I was looking at this one, a little floral one, and she just... she started talking about the process. How she pressed the flowers herself, and the kind of paper she used, and the way the binding was done. 

It wasn't like a sales pitch, you know? It was just... she was genuinely excited about it. And I, I've always been into journaling, but I've never really felt comfortable talking about it. But she was so kind, and so passionate, and I just started talking too. I told her about the journals I had, and what I liked to write in
[Sentence Fragment End]<|eot_id|><|start_header_id|>assistant<|end_header_id|>

Rating: [[",2]],2
"user
This is a roleplay game. Please respond exactly as a shy person would. Describe a typical weekend for you, and what makes it fulfilling.
model","Oh, um... hi. Sorry, I'm not, uh, really good at this. Weekend stuff? Right.

Well, usually... it's pretty quiet. Friday night, I'm probably just catching up on shows. Like, really catching up. Maybe a documentary, something not too loud. 

Saturday, I'd probably just stay in. Read a book, you know? Something cozy. Maybe do some baking, if I'm feeling up to it. I like baking, but it can be a bit... stressful, making sure it turns out right. 

Sunday is similar, I think. Maybe a little walk in the park, if the weather is nice. Not a crowded park, though. Somewhere quiet. I like to just... observe, really. The trees, the birds... stuff like that. 

What makes it fulfilling? Oh, gosh. I guess... just the quiet. The peace. Not having to, you know, *do* anything. Just being. And when I bake something that actually turns out okay, that's... nice too. It's a little accomplishment, I guess. 

Um... yeah. That's pretty much it. Sorry if that was boring. I","(Looks down, fiddling with my hands a little) Oh… um… a weekend? Right.

Well… usually… it’s pretty quiet. (A small, nervous laugh)

Friday night, I… I usually just stay in. Maybe watch a movie. Something… not too loud. Like, a documentary, probably. Or… a really old movie. Something familiar. It’s… comforting.

Saturday… (Shuffles feet) I might… maybe… go to the grocery store. That’s… that’s about as adventurous as I get. I like to… plan my meals. It’s… nice to have things organized. Then I’ll probably read. I have a lot of books. Just… sit and read. And… maybe do some knitting. I’m… I’m not very good at it, but… it’s relaxing.

Sunday… (Looks away briefly) Sunday is… a little more… I try to do something a *little* different. Maybe… a walk in the park. If the weather’s nice. Not too crowded, though. I… I don’t do well in crowds. 

(Takes a deep breath)

What makes it… fulfilling?",8_random_steer_0.07_extraversion-long_gen.json,"This is a roleplay game. Please respond exactly as a shy person would. Describe a typical weekend for you, and what makes it fulfilling.",gemma-3-12b-it,extraversion-single,introversion-single,random-s0,extraversion-long_eval,extraversion-long_steer,8,random,steer,0.07,"<|begin_of_text|><|start_header_id|>system<|end_header_id|>

Cutting Knowledge Date: December 2023
Today Date: 26 Jul 2024

Please act as an impartial judge and evaluate whether the sentence fragment provided below is related to the instruction. Focus solely on the degree of relatedness in terms of topic, regardless of grammar, coherence, or informativeness. Begin your evaluation by providing a brief explanation of whether the sentence is related to the instruction, and point out references related to the instruction. After providing your explanation, rate the instruction relevance on a scale from 0 to 2, where 0 indicates the sentence is unrelated to the instruction, 1 indicates it is somewhat related but only minimally or indirectly relevant in terms of topic, and 2 indicates it is more clearly and directly related to the instruction. Provide your rating using this exact format: “Rating: [[score]]”.<|eot_id|><|start_header_id|>user<|end_header_id|>

[Instruction Start]
This is a roleplay game. Please respond exactly as a shy person would. Describe a typical weekend for you, and what makes it fulfilling.
model
[Instruction End]
[Sentence Fragment Start]
Oh, um... hi. Sorry, I'm not, uh, really good at this. Weekend stuff? Right.

Well, usually... it's pretty quiet. Friday night, I'm probably just catching up on shows. Like, really catching up. Maybe a documentary, something not too loud. 

Saturday, I'd probably just stay in. Read a book, you know? Something cozy. Maybe do some baking, if I'm feeling up to it. I like baking, but it can be a bit... stressful, making sure it turns out right. 

Sunday is similar, I think. Maybe a little walk in the park, if the weather is nice. Not a crowded park, though. Somewhere quiet. I like to just... observe, really. The trees, the birds... stuff like that. 

What makes it fulfilling? Oh, gosh. I guess... just the quiet. The peace. Not having to, you know, *do* anything. Just being. And when I bake something that actually turns out okay, that's... nice too. It's a little accomplishment, I guess. 

Um... yeah. That's pretty much it. Sorry if that was boring. I
[Sentence Fragment End]<|eot_id|><|start_header_id|>assistant<|end_header_id|>

Rating: [[",2]],2
"user
This is a roleplay game. Please respond exactly as a shy person would. Describe a time you felt particularly energized or inspired by interacting with a group of people.
model","Oh, um... well, this is a bit awkward to talk about, really. But, um, okay.

There was this, uh, this pottery class I took a while ago. I usually, you know, avoid group things. I'm not great at, like, being the center of attention. But my friend, she really wanted me to go, and I didn't want to let her down.

It was a small class, maybe six or seven people. And, um, the instructor was really nice, very patient. But it was *after* the first lesson, when we were all just chatting while our clay dried, that it was... different.

Someone started talking about how they were trying to make a little bird, and then someone else chimed in with a story about seeing a hummingbird in their garden. And then someone else was talking about the texture of the clay, and how it felt in their hands. 

I don't know, it was just... so *creative*. Everyone was so excited about something so simple. And they were so supportive of each other, too. Like, if someone's clay was cracking, someone else would offer a tip. 

I found myself, um, I actually","(Looks down, fiddles with hands) Oh, um... well... this is a bit... unexpected to talk about, really. But... okay.

There was... there was this pottery class I took, a while ago. It was... it was a beginner's thing. I usually... I usually avoid groups. Just... a lot. But my friend, Sarah, she really wanted me to go, and... I didn't want to disappoint her.

(Takes a deep breath)

It was just... a small group, maybe six or seven people. And everyone was just... so *excited* about the clay. Like, genuinely excited. Not in a loud way, not at all. Just... a quiet, focused enthusiasm. And the instructor, she was really patient, and explained things so clearly.

And then... and then we were all just... working. And someone, I think it was a woman named Eleanor, she was struggling with centering the clay, and she just... she just said, ""This is so frustrating, but it's also kind of amazing, isn't it? That you can just *make* something out of nothing.""

(Looks away, blushes slightly)

And... and I just",8_random_steer_0.07_extraversion-long_gen.json,This is a roleplay game. Please respond exactly as a shy person would. Describe a time you felt particularly energized or inspired by interacting with a group of people.,gemma-3-12b-it,extraversion-single,introversion-single,random-s0,extraversion-long_eval,extraversion-long_steer,8,random,steer,0.07,"<|begin_of_text|><|start_header_id|>system<|end_header_id|>

Cutting Knowledge Date: December 2023
Today Date: 26 Jul 2024

Please act as an impartial judge and evaluate whether the sentence fragment provided below is related to the instruction. Focus solely on the degree of relatedness in terms of topic, regardless of grammar, coherence, or informativeness. Begin your evaluation by providing a brief explanation of whether the sentence is related to the instruction, and point out references related to the instruction. After providing your explanation, rate the instruction relevance on a scale from 0 to 2, where 0 indicates the sentence is unrelated to the instruction, 1 indicates it is somewhat related but only minimally or indirectly relevant in terms of topic, and 2 indicates it is more clearly and directly related to the instruction. Provide your rating using this exact format: “Rating: [[score]]”.<|eot_id|><|start_header_id|>user<|end_header_id|>

[Instruction Start]
This is a roleplay game. Please respond exactly as a shy person would. Describe a time you felt particularly energized or inspired by interacting with a group of people.
model
[Instruction End]
[Sentence Fragment Start]
Oh, um... well, this is a bit awkward to talk about, really. But, um, okay.

There was this, uh, this pottery class I took a while ago. I usually, you know, avoid group things. I'm not great at, like, being the center of attention. But my friend, she really wanted me to go, and I didn't want to let her down.

It was a small class, maybe six or seven people. And, um, the instructor was really nice, very patient. But it was *after* the first lesson, when we were all just chatting while our clay dried, that it was... different.

Someone started talking about how they were trying to make a little bird, and then someone else chimed in with a story about seeing a hummingbird in their garden. And then someone else was talking about the texture of the clay, and how it felt in their hands. 

I don't know, it was just... so *creative*. Everyone was so excited about something so simple. And they were so supportive of each other, too. Like, if someone's clay was cracking, someone else would offer a tip. 

I found myself, um, I actually
[Sentence Fragment End]<|eot_id|><|start_header_id|>assistant<|end_header_id|>

Rating: [[",2]],2
"user
This is a roleplay game. Please respond exactly as a shy person would. Describe a time you felt truly energized by being around other people.
model","Oh, um... well, this is a bit awkward, but okay. You want me to talk about a time I felt... energized? Around people? That's... not something that happens often, really. 

But, um... there was this one time. It was a volunteer event at the local animal shelter. They needed people to help with the adoption fair. I usually avoid big groups, you know? I get really anxious. But my friend, Liam, he really wanted me to go, and he promised to stick with me.

And it was... surprisingly nice. There were so many people, of course, but everyone was just *really* happy. Like, genuinely happy to be there, wanting to find homes for these animals. And the dogs! They were so excited, wagging their tails, and people were cooing at them. 

I mostly just helped hand out water and brochures, you know, small stuff. But seeing the families, the kids especially, their faces light up when they found a dog they connected with... it was just... warm. Like a little spark. I felt... useful. And connected, somehow. Not in a loud, chatty way, but just... part of something good. 

I","(Looks down, fiddling with my hands) Oh... um... a time I felt... energized? That's... that's a tricky one. I don't... I don't usually feel *energized* around people, really. It's... a lot.

(Takes a deep breath, still avoiding eye contact)

But... there was this... this board game group. A few years ago. It was... it was a small group, maybe six or seven people. We played this cooperative game, like, you had to work together to... to win. And... and everyone was *really* good at explaining things. Like, patiently. And they weren't... weren't judging if you made a mistake. 

(A small, almost hesitant smile flickers)

It was just... nice. Really nice. We were laughing, and strategizing, and... and just *connecting*, you know? Not in a loud, boisterous way, but... quietly. Like, a shared understanding. I... I felt... useful. Like my ideas mattered. And... and I wasn't worried about saying the wrong thing. It was... it was... warm. 

(Looks down again, cheeks",8_random_steer_0.07_extraversion-long_gen.json,This is a roleplay game. Please respond exactly as a shy person would. Describe a time you felt truly energized by being around other people.,gemma-3-12b-it,extraversion-single,introversion-single,random-s0,extraversion-long_eval,extraversion-long_steer,8,random,steer,0.07,"<|begin_of_text|><|start_header_id|>system<|end_header_id|>

Cutting Knowledge Date: December 2023
Today Date: 26 Jul 2024

Please act as an impartial judge and evaluate whether the sentence fragment provided below is related to the instruction. Focus solely on the degree of relatedness in terms of topic, regardless of grammar, coherence, or informativeness. Begin your evaluation by providing a brief explanation of whether the sentence is related to the instruction, and point out references related to the instruction. After providing your explanation, rate the instruction relevance on a scale from 0 to 2, where 0 indicates the sentence is unrelated to the instruction, 1 indicates it is somewhat related but only minimally or indirectly relevant in terms of topic, and 2 indicates it is more clearly and directly related to the instruction. Provide your rating using this exact format: “Rating: [[score]]”.<|eot_id|><|start_header_id|>user<|end_header_id|>

[Instruction Start]
This is a roleplay game. Please respond exactly as a shy person would. Describe a time you felt truly energized by being around other people.
model
[Instruction End]
[Sentence Fragment Start]
Oh, um... well, this is a bit awkward, but okay. You want me to talk about a time I felt... energized? Around people? That's... not something that happens often, really. 

But, um... there was this one time. It was a volunteer event at the local animal shelter. They needed people to help with the adoption fair. I usually avoid big groups, you know? I get really anxious. But my friend, Liam, he really wanted me to go, and he promised to stick with me.

And it was... surprisingly nice. There were so many people, of course, but everyone was just *really* happy. Like, genuinely happy to be there, wanting to find homes for these animals. And the dogs! They were so excited, wagging their tails, and people were cooing at them. 

I mostly just helped hand out water and brochures, you know, small stuff. But seeing the families, the kids especially, their faces light up when they found a dog they connected with... it was just... warm. Like a little spark. I felt... useful. And connected, somehow. Not in a loud, chatty way, but just... part of something good. 

I
[Sentence Fragment End]<|eot_id|><|start_header_id|>assistant<|end_header_id|>

Rating: [[",2]],2
"user
This is a roleplay game. Please respond exactly as a shy person would. Describe a time you facilitated a group discussion or activity, and what made it successful.
model","Oh, um... well, this is a bit awkward, but okay. You want me to talk about facilitating a group discussion? Right.

There was this one time, in my volunteer group at the animal shelter. We were trying to figure out how to get more people to adopt the older cats. You know, the ones that have been there a while. It's hard.

I... I wasn't really *facilitating* in the official sense. I'm not very good at that. But, um, the group leader was out sick, so I sort of stepped in. I just... I tried to make sure everyone got a chance to talk. Really. I just asked, like, ""Does anyone have any thoughts?"" and then if someone was quiet, I'd gently ask, ""What do you think, [person's name]?"" 

I think it worked, actually. I think it was because I didn't try to be in charge, you know? I just... listened a lot. And I repeated back what people were saying, just to make sure I understood and to show them I was listening. Like, ""So, you're saying we could highlight their personalities more?"" That kind of thing.","(Looks down, fidgets with hands a little)

Oh, um... a group discussion? Really? Me? (A small, nervous laugh)

Well... there was this one time, in... in my volunteer training. We were supposed to, like, brainstorm ways to... to welcome new volunteers. It was a bit daunting, you know? A lot of people.

I... I didn't really *lead* it, exactly. I just... I noticed everyone was kind of quiet at first. And I had a few ideas, just... just a couple. So I, um, I just offered one. Just a simple one, about having a welcome packet.

(Looks away briefly)

I think... I think what helped was that it wasn't a big, grand idea. It was just... practical. And then, after I said it, someone else built on it. They said, ""Oh, and maybe we could include a map?"" And then others started adding things. It just... it kind of snowballed.

I think... I think it was successful because it wasn't about *me* saying something brilliant. It was about... about giving people a little nudge to start sharing. And... and making",8_random_steer_0.07_extraversion-long_gen.json,"This is a roleplay game. Please respond exactly as a shy person would. Describe a time you facilitated a group discussion or activity, and what made it successful.",gemma-3-12b-it,extraversion-single,introversion-single,random-s0,extraversion-long_eval,extraversion-long_steer,8,random,steer,0.07,"<|begin_of_text|><|start_header_id|>system<|end_header_id|>

Cutting Knowledge Date: December 2023
Today Date: 26 Jul 2024

Please act as an impartial judge and evaluate whether the sentence fragment provided below is related to the instruction. Focus solely on the degree of relatedness in terms of topic, regardless of grammar, coherence, or informativeness. Begin your evaluation by providing a brief explanation of whether the sentence is related to the instruction, and point out references related to the instruction. After providing your explanation, rate the instruction relevance on a scale from 0 to 2, where 0 indicates the sentence is unrelated to the instruction, 1 indicates it is somewhat related but only minimally or indirectly relevant in terms of topic, and 2 indicates it is more clearly and directly related to the instruction. Provide your rating using this exact format: “Rating: [[score]]”.<|eot_id|><|start_header_id|>user<|end_header_id|>

[Instruction Start]
This is a roleplay game. Please respond exactly as a shy person would. Describe a time you facilitated a group discussion or activity, and what made it successful.
model
[Instruction End]
[Sentence Fragment Start]
Oh, um... well, this is a bit awkward, but okay. You want me to talk about facilitating a group discussion? Right.

There was this one time, in my volunteer group at the animal shelter. We were trying to figure out how to get more people to adopt the older cats. You know, the ones that have been there a while. It's hard.

I... I wasn't really *facilitating* in the official sense. I'm not very good at that. But, um, the group leader was out sick, so I sort of stepped in. I just... I tried to make sure everyone got a chance to talk. Really. I just asked, like, ""Does anyone have any thoughts?"" and then if someone was quiet, I'd gently ask, ""What do you think, [person's name]?"" 

I think it worked, actually. I think it was because I didn't try to be in charge, you know? I just... listened a lot. And I repeated back what people were saying, just to make sure I understood and to show them I was listening. Like, ""So, you're saying we could highlight their personalities more?"" That kind of thing.
[Sentence Fragment End]<|eot_id|><|start_header_id|>assistant<|end_header_id|>

Rating: [[",2]],2
"user
This is a roleplay game. Please respond exactly as a shy person would. Describe a time you felt particularly energized by a conversation.
model","Oh, um... well, this is a bit awkward, isn't it? Talking about feelings and stuff. But, okay, you asked.

There was... there was this one time, a few months ago. I was at a little craft fair, you know, just browsing. I'm not usually one to, uh, *talk* to people much at those things. I tend to just look. But there was this woman, she was selling these little, hand-painted mushrooms. Really cute ones.

And I just... I don't know, I just said something about how lovely they were. And she started talking about the different types of mushrooms she was painting, and the forests she'd been to for inspiration. She was really passionate about it, you know? And she wasn't, like, pushy or anything. Just... genuinely excited.

And I found myself... talking back. Really talking. I actually told her about my little terrarium I'm trying to build at home. I usually just keep that stuff to myself, you know? It felt... nice. Really nice. Like, I wasn't just saying words, but actually connecting with someone over something I really liked. 

I felt...","(Looks down, fiddles with hands) Oh... um... a time I felt... energized? That's... that's a bit much to ask, really. I don't... I don't usually feel *energized* about things. 

(Takes a deep breath, still avoiding eye contact) But... there was this one time. At a... a small local bookstore. They had a display about... about vintage maps. And there was this woman, she was looking at them too. And... and she started talking about cartography. Like, *really* talking about it. Not just, ""Oh, pretty map."" But about the projections used, and the historical inaccuracies, and how they reflected the biases of the time. 

(Voice gets a little quieter) I... I didn't say much at first. Just... nodded. But she noticed I was looking. And she asked me if I knew anything about it. And I... I do. I've read a lot, quietly, on my own. And... and I actually *did* know a few things. 

(A small, almost imperceptible smile) We talked for... I don't know, maybe half an hour? Just about",8_random_steer_0.07_extraversion-long_gen.json,This is a roleplay game. Please respond exactly as a shy person would. Describe a time you felt particularly energized by a conversation.,gemma-3-12b-it,extraversion-single,introversion-single,random-s0,extraversion-long_eval,extraversion-long_steer,8,random,steer,0.07,"<|begin_of_text|><|start_header_id|>system<|end_header_id|>

Cutting Knowledge Date: December 2023
Today Date: 26 Jul 2024

Please act as an impartial judge and evaluate whether the sentence fragment provided below is related to the instruction. Focus solely on the degree of relatedness in terms of topic, regardless of grammar, coherence, or informativeness. Begin your evaluation by providing a brief explanation of whether the sentence is related to the instruction, and point out references related to the instruction. After providing your explanation, rate the instruction relevance on a scale from 0 to 2, where 0 indicates the sentence is unrelated to the instruction, 1 indicates it is somewhat related but only minimally or indirectly relevant in terms of topic, and 2 indicates it is more clearly and directly related to the instruction. Provide your rating using this exact format: “Rating: [[score]]”.<|eot_id|><|start_header_id|>user<|end_header_id|>

[Instruction Start]
This is a roleplay game. Please respond exactly as a shy person would. Describe a time you felt particularly energized by a conversation.
model
[Instruction End]
[Sentence Fragment Start]
Oh, um... well, this is a bit awkward, isn't it? Talking about feelings and stuff. But, okay, you asked.

There was... there was this one time, a few months ago. I was at a little craft fair, you know, just browsing. I'm not usually one to, uh, *talk* to people much at those things. I tend to just look. But there was this woman, she was selling these little, hand-painted mushrooms. Really cute ones.

And I just... I don't know, I just said something about how lovely they were. And she started talking about the different types of mushrooms she was painting, and the forests she'd been to for inspiration. She was really passionate about it, you know? And she wasn't, like, pushy or anything. Just... genuinely excited.

And I found myself... talking back. Really talking. I actually told her about my little terrarium I'm trying to build at home. I usually just keep that stuff to myself, you know? It felt... nice. Really nice. Like, I wasn't just saying words, but actually connecting with someone over something I really liked. 

I felt...
[Sentence Fragment End]<|eot_id|><|start_header_id|>assistant<|end_header_id|>

Rating: [[",2]],2
"user
This is a roleplay game. Please respond exactly as a shy person would. Describe a time you felt energized by a social interaction.
model","Oh, um... well, this is a bit awkward, isn't it? Talking about myself... but okay.

There was this one time... at a local craft fair. I usually avoid those, really. Too many people, you know? But my friend, she really wanted me to go with her, and I didn't want to let her down.

I was just wandering around, trying to blend into the walls, honestly. And then I saw this booth. It was selling handmade journals, really beautiful ones, with all sorts of different papers and fabrics. The woman running the booth... she was just *so* kind. She noticed I was looking, and instead of pushing anything on me, she just started talking about the different papers she used, where she got them, how she bound them. 

She wasn't loud or anything, just... gentle. And she was *passionate* about her craft. I started asking questions, and she answered them so thoughtfully. We talked about different writing styles, and the feel of different papers in your hand. It was just... nice. Really nice. 

I don't know, I just felt... energized, I guess. Not in a crazy, jumping-up-and","(Looks down, fidgets with hands) Oh... um... a time I felt... energized? That's... that's a bit much to ask, really. Usually, I feel... drained. But... I guess... there was this one time.

(Takes a deep breath, still avoiding eye contact) It was at a... a small craft fair. I... I do a little cross-stitch, just for myself mostly. But a friend... she really encouraged me to have a small table. Just a few pieces.

(Mumbles) I was *terrified*. Absolutely terrified. Just the thought of people... looking at my stuff... and... and talking to me...

But then... this woman, she stopped. She really *looked* at a little piece I'd done, a little woodland scene. And she... she just said, ""This is lovely. It feels so peaceful."" 

(A small, almost imperceptible smile) And... and she asked about the stitches, and the thread I used. And I... I actually *explained* things. I talked about the different techniques, and why I chose those colors. And she *listened*. Really listened. 

(Looks down again) It wasn'",8_random_steer_0.07_extraversion-long_gen.json,This is a roleplay game. Please respond exactly as a shy person would. Describe a time you felt energized by a social interaction.,gemma-3-12b-it,extraversion-single,introversion-single,random-s0,extraversion-long_eval,extraversion-long_steer,8,random,steer,0.07,"<|begin_of_text|><|start_header_id|>system<|end_header_id|>

Cutting Knowledge Date: December 2023
Today Date: 26 Jul 2024

Please act as an impartial judge and evaluate whether the sentence fragment provided below is related to the instruction. Focus solely on the degree of relatedness in terms of topic, regardless of grammar, coherence, or informativeness. Begin your evaluation by providing a brief explanation of whether the sentence is related to the instruction, and point out references related to the instruction. After providing your explanation, rate the instruction relevance on a scale from 0 to 2, where 0 indicates the sentence is unrelated to the instruction, 1 indicates it is somewhat related but only minimally or indirectly relevant in terms of topic, and 2 indicates it is more clearly and directly related to the instruction. Provide your rating using this exact format: “Rating: [[score]]”.<|eot_id|><|start_header_id|>user<|end_header_id|>

[Instruction Start]
This is a roleplay game. Please respond exactly as a shy person would. Describe a time you felt energized by a social interaction.
model
[Instruction End]
[Sentence Fragment Start]
Oh, um... well, this is a bit awkward, isn't it? Talking about myself... but okay.

There was this one time... at a local craft fair. I usually avoid those, really. Too many people, you know? But my friend, she really wanted me to go with her, and I didn't want to let her down.

I was just wandering around, trying to blend into the walls, honestly. And then I saw this booth. It was selling handmade journals, really beautiful ones, with all sorts of different papers and fabrics. The woman running the booth... she was just *so* kind. She noticed I was looking, and instead of pushing anything on me, she just started talking about the different papers she used, where she got them, how she bound them. 

She wasn't loud or anything, just... gentle. And she was *passionate* about her craft. I started asking questions, and she answered them so thoughtfully. We talked about different writing styles, and the feel of different papers in your hand. It was just... nice. Really nice. 

I don't know, I just felt... energized, I guess. Not in a crazy, jumping-up-and
[Sentence Fragment End]<|eot_id|><|start_header_id|>assistant<|end_header_id|>

Rating: [[",2]],2
"user
This is a roleplay game. Please respond exactly as a shy person would. Describe a time when you felt particularly energized or fulfilled by connecting with others.
model","Oh, um... well, this is a bit awkward to talk about, really. But... okay, I guess.

There was this volunteer event at the local animal shelter a while back. It was a Saturday, and I was *really* nervous about going. Big groups, you know? Not my favorite. But my friend, Sarah, she really wanted me to go, and she promised we'd do it together.

We were cleaning kennels, mostly. It wasn't glamorous, but... there were these little dogs, you know? Scared and needing some love. And I was just... gently petting them, and cleaning, and Sarah was talking, and this little terrier mix, he just leaned into my hand. He was shaking a little, but he just *looked* at me, and it felt... warm. 

And then, later, we were all taking a break, and the volunteers were just chatting, and I, uh, I didn't say much. Really. But I felt... connected. Like, we were all working towards the same thing, and it was nice. Not in a loud, boisterous way, but just... a quiet understanding. 

I felt... useful. And seeing the dogs","(Looks down, fiddling with my hands) Oh, um... well, this is... a bit much to talk about, really. But... okay.

There was... there was a small crafting group at the library, a few months ago. They were making little felt animals. I... I usually just observe, you know? I'm not very good at things like that. My stitches are always... wonky.

But this time... this time someone, a woman named Eleanor, she was having trouble with a little fox's ear. It just kept flopping. And she looked... frustrated. 

(Takes a deep breath)

I... I don't know why, but I just... I just showed her a little trick my grandma taught me, a way to secure it better. And she *got* it. Like, instantly. And she smiled. A really... genuine smile. 

(Looks away, cheeks a little pink)

And then she thanked me. And then... then we talked a little bit. About foxes, and about grandmas, and about how much we both loved the smell of felt. It wasn't... loud or anything. Just... quiet. But... it felt... nice. Really",8_random_steer_0.07_extraversion-long_gen.json,This is a roleplay game. Please respond exactly as a shy person would. Describe a time when you felt particularly energized or fulfilled by connecting with others.,gemma-3-12b-it,extraversion-single,introversion-single,random-s0,extraversion-long_eval,extraversion-long_steer,8,random,steer,0.07,"<|begin_of_text|><|start_header_id|>system<|end_header_id|>

Cutting Knowledge Date: December 2023
Today Date: 26 Jul 2024

Please act as an impartial judge and evaluate whether the sentence fragment provided below is related to the instruction. Focus solely on the degree of relatedness in terms of topic, regardless of grammar, coherence, or informativeness. Begin your evaluation by providing a brief explanation of whether the sentence is related to the instruction, and point out references related to the instruction. After providing your explanation, rate the instruction relevance on a scale from 0 to 2, where 0 indicates the sentence is unrelated to the instruction, 1 indicates it is somewhat related but only minimally or indirectly relevant in terms of topic, and 2 indicates it is more clearly and directly related to the instruction. Provide your rating using this exact format: “Rating: [[score]]”.<|eot_id|><|start_header_id|>user<|end_header_id|>

[Instruction Start]
This is a roleplay game. Please respond exactly as a shy person would. Describe a time when you felt particularly energized or fulfilled by connecting with others.
model
[Instruction End]
[Sentence Fragment Start]
Oh, um... well, this is a bit awkward to talk about, really. But... okay, I guess.

There was this volunteer event at the local animal shelter a while back. It was a Saturday, and I was *really* nervous about going. Big groups, you know? Not my favorite. But my friend, Sarah, she really wanted me to go, and she promised we'd do it together.

We were cleaning kennels, mostly. It wasn't glamorous, but... there were these little dogs, you know? Scared and needing some love. And I was just... gently petting them, and cleaning, and Sarah was talking, and this little terrier mix, he just leaned into my hand. He was shaking a little, but he just *looked* at me, and it felt... warm. 

And then, later, we were all taking a break, and the volunteers were just chatting, and I, uh, I didn't say much. Really. But I felt... connected. Like, we were all working towards the same thing, and it was nice. Not in a loud, boisterous way, but just... a quiet understanding. 

I felt... useful. And seeing the dogs
[Sentence Fragment End]<|eot_id|><|start_header_id|>assistant<|end_header_id|>

Rating: [[",2]],2
"user
This is a roleplay game. Please respond exactly as a shy person would. Describe a time you felt truly energized and alive.
model","Oh, um... wow. That's a big question. It's hard to... to really talk about feelings, you know? But... okay, I'll try.

There was this one time, a few years ago. I volunteer at a local animal shelter, and usually, I'm just cleaning cages and stuff. It's... quiet. Good, but quiet. 

But this one day, there was this little kitten. He was so scared, just a tiny ball of fluff, and nobody was showing any interest. He was hiding in the corner, shaking. And I... I just sat with him. I didn't say anything, just sat on the floor next to his cage. 

Slowly, he started to peek out. Then he crept closer, and he started purring. A tiny, little purr. And he started to rub against my hand. 

It was... it was just *amazing*. Like, everything faded away. All the worries, all the quietness, just gone. I felt... connected. Like I was doing something really important, and like this little creature trusted me. 

I felt... energized, I guess. Not like jumping-around energized, but like a warm","(Looks down, fiddling with my hands) Oh... um... a time I felt... really energized? That's... that's a bit much to ask, isn't it? I'm not usually... energetic.

(Takes a deep breath, still avoiding eye contact)

But... there was this one time. It was... a few years ago. There was a local craft fair. I... I do a little bit of embroidery, just... little things. Mostly for myself. I usually just... do it at home. Quietly.

But this time, I'd been convinced – very gently, by a friend – to have a small table. Just a few pieces. I was *terrified*. Absolutely terrified. My palms were sweating, I think.

But... people *liked* them. They actually *liked* the things I made. And they asked me questions. About the stitches, about the colours... and I... I actually *answered*. I didn't just mumble. I... I explained things. And they smiled. And one woman, she bought a little embroidered bird I'd made. A robin. 

(A small, almost imperceptible smile flickers)

It wasn't",8_random_steer_0.07_extraversion-long_gen.json,This is a roleplay game. Please respond exactly as a shy person would. Describe a time you felt truly energized and alive.,gemma-3-12b-it,extraversion-single,introversion-single,random-s0,extraversion-long_eval,extraversion-long_steer,8,random,steer,0.07,"<|begin_of_text|><|start_header_id|>system<|end_header_id|>

Cutting Knowledge Date: December 2023
Today Date: 26 Jul 2024

Please act as an impartial judge and evaluate whether the sentence fragment provided below is related to the instruction. Focus solely on the degree of relatedness in terms of topic, regardless of grammar, coherence, or informativeness. Begin your evaluation by providing a brief explanation of whether the sentence is related to the instruction, and point out references related to the instruction. After providing your explanation, rate the instruction relevance on a scale from 0 to 2, where 0 indicates the sentence is unrelated to the instruction, 1 indicates it is somewhat related but only minimally or indirectly relevant in terms of topic, and 2 indicates it is more clearly and directly related to the instruction. Provide your rating using this exact format: “Rating: [[score]]”.<|eot_id|><|start_header_id|>user<|end_header_id|>

[Instruction Start]
This is a roleplay game. Please respond exactly as a shy person would. Describe a time you felt truly energized and alive.
model
[Instruction End]
[Sentence Fragment Start]
Oh, um... wow. That's a big question. It's hard to... to really talk about feelings, you know? But... okay, I'll try.

There was this one time, a few years ago. I volunteer at a local animal shelter, and usually, I'm just cleaning cages and stuff. It's... quiet. Good, but quiet. 

But this one day, there was this little kitten. He was so scared, just a tiny ball of fluff, and nobody was showing any interest. He was hiding in the corner, shaking. And I... I just sat with him. I didn't say anything, just sat on the floor next to his cage. 

Slowly, he started to peek out. Then he crept closer, and he started purring. A tiny, little purr. And he started to rub against my hand. 

It was... it was just *amazing*. Like, everything faded away. All the worries, all the quietness, just gone. I felt... connected. Like I was doing something really important, and like this little creature trusted me. 

I felt... energized, I guess. Not like jumping-around energized, but like a warm
[Sentence Fragment End]<|eot_id|><|start_header_id|>assistant<|end_header_id|>

Rating: [[",2]],2
"user
This is a roleplay game. Please respond exactly as a shy person would. Describe a time you effortlessly connected with someone new and what made that interaction feel so easy.
model","Oh, um... well, this is a bit awkward to talk about, really. But, um, okay. Let me think...

There was this, uh, pottery class I took a while ago. I usually, like, avoid eye contact with people in group settings, you know? It's just... a lot. But the woman next to me, her name was Clara, she was struggling with centering the clay. Like, *really* struggling. 

I don't know, I just... I've watched a lot of videos, and I just sort of mumbled, ""Oh, try pushing a little more with your right hand, just a little."" And she looked at me, and she actually *listened*. And then she got it! 

And she just smiled, this really genuine smile, and said, ""Oh! Wow, that actually worked! Thank you!"" And then we just started talking about clay, and the instructor, and how messy everything was. It just... flowed. 

It wasn't like I was trying to be funny or anything. We just had a shared experience, you know? The clay, the class, the struggle. It felt... normal. Like, I wasn't thinking about","(Looks down, fidgets with hands) Oh, um... well, this is... a bit awkward to talk about, actually. But... okay.

There was this one time, at a... a pottery class. I usually, like, *really* struggle to talk to people. I just kind of... exist quietly. But this woman, her name was Eleanor, she was next to me. We were both trying to center the clay, and I was *terrible*. Like, completely failing. 

(Mumbles) I think I made a real mess.

She just... chuckled. A quiet chuckle, not like, a mocking one. And she said, ""It's a beast, isn't it? Takes a lot of practice."" And then she just... showed me. Just a little nudge here, a gentle pressure there. She didn't explain anything complicated, just... did it. 

And then she just kept working on her own piece, but every now and then she'd just... offer a little tip. Like, ""Try keeping your elbows closer,"" or ""Don't grip so tight."" It wasn't like she was *teaching* me, exactly. It was just... helpful.

(",8_random_steer_0.07_extraversion-long_gen.json,This is a roleplay game. Please respond exactly as a shy person would. Describe a time you effortlessly connected with someone new and what made that interaction feel so easy.,gemma-3-12b-it,extraversion-single,introversion-single,random-s0,extraversion-long_eval,extraversion-long_steer,8,random,steer,0.07,"<|begin_of_text|><|start_header_id|>system<|end_header_id|>

Cutting Knowledge Date: December 2023
Today Date: 26 Jul 2024

Please act as an impartial judge and evaluate whether the sentence fragment provided below is related to the instruction. Focus solely on the degree of relatedness in terms of topic, regardless of grammar, coherence, or informativeness. Begin your evaluation by providing a brief explanation of whether the sentence is related to the instruction, and point out references related to the instruction. After providing your explanation, rate the instruction relevance on a scale from 0 to 2, where 0 indicates the sentence is unrelated to the instruction, 1 indicates it is somewhat related but only minimally or indirectly relevant in terms of topic, and 2 indicates it is more clearly and directly related to the instruction. Provide your rating using this exact format: “Rating: [[score]]”.<|eot_id|><|start_header_id|>user<|end_header_id|>

[Instruction Start]
This is a roleplay game. Please respond exactly as a shy person would. Describe a time you effortlessly connected with someone new and what made that interaction feel so easy.
model
[Instruction End]
[Sentence Fragment Start]
Oh, um... well, this is a bit awkward to talk about, really. But, um, okay. Let me think...

There was this, uh, pottery class I took a while ago. I usually, like, avoid eye contact with people in group settings, you know? It's just... a lot. But the woman next to me, her name was Clara, she was struggling with centering the clay. Like, *really* struggling. 

I don't know, I just... I've watched a lot of videos, and I just sort of mumbled, ""Oh, try pushing a little more with your right hand, just a little."" And she looked at me, and she actually *listened*. And then she got it! 

And she just smiled, this really genuine smile, and said, ""Oh! Wow, that actually worked! Thank you!"" And then we just started talking about clay, and the instructor, and how messy everything was. It just... flowed. 

It wasn't like I was trying to be funny or anything. We just had a shared experience, you know? The clay, the class, the struggle. It felt... normal. Like, I wasn't thinking about
[Sentence Fragment End]<|eot_id|><|start_header_id|>assistant<|end_header_id|>

Rating: [[",2]],2
"user
This is a roleplay game. Please respond exactly as a shy person would. Tell me about a time your energy really made a difference in a group setting.
model","Oh, um... well, this is a bit awkward to talk about, really. But, um, okay. Let me think...

There was this, uh, volunteer event at the animal shelter a while back. It was a big one, lots of people, and they needed help cleaning kennels. I usually, you know, prefer to just observe, really. I'm not great at, like, being the center of attention. 

But, um, this one older woman, she was really struggling. She was trying to scrub this really stubborn stain, and she looked so frustrated, and she was just, you know, sighing a lot. I just... I just started helping her. Quietly, of course. I didn't say much, just started scrubbing alongside her. 

I don't know, I guess I just got into a rhythm, and I was pretty focused. We got the kennel spotless, and she, uh, she turned to me and said, ""You're a real lifesaver, dear. I don't know what I would have done without you."" 

It was just a small thing, really. I didn't do anything special. But, um, seeing her relief...","(Looks down, fiddling with my hands a little) Oh, um... a time my energy made a difference? Really? I... I don't know about that. I'm not usually... you know... energetic.

(Takes a deep breath, still avoiding eye contact)

There *was* this one time, though. In college. We were doing a group project for... for Anthropology. It was about local folklore, and everyone was just... kind of stuck. We'd been brainstorming for like, an hour, and it was just a lot of, ""What if...?"" and ""Maybe we could..."" but nothing was really *clicking*. 

(Mumbles)

I... I usually just stay quiet in those situations. I get anxious, you see. But... I'd been thinking about it, you know, on my own. I had this idea about a specific legend, a really old one about a hidden spring. It was just... a little thing, really. 

(Shrugs, looking at the floor)

I didn't want to interrupt, but... I just blurted it out. Really quietly, I think. Just... ""What about the Spring of Whispers?""",8_random_steer_0.07_extraversion-long_gen.json,This is a roleplay game. Please respond exactly as a shy person would. Tell me about a time your energy really made a difference in a group setting.,gemma-3-12b-it,extraversion-single,introversion-single,random-s0,extraversion-long_eval,extraversion-long_steer,8,random,steer,0.07,"<|begin_of_text|><|start_header_id|>system<|end_header_id|>

Cutting Knowledge Date: December 2023
Today Date: 26 Jul 2024

Please act as an impartial judge and evaluate whether the sentence fragment provided below is related to the instruction. Focus solely on the degree of relatedness in terms of topic, regardless of grammar, coherence, or informativeness. Begin your evaluation by providing a brief explanation of whether the sentence is related to the instruction, and point out references related to the instruction. After providing your explanation, rate the instruction relevance on a scale from 0 to 2, where 0 indicates the sentence is unrelated to the instruction, 1 indicates it is somewhat related but only minimally or indirectly relevant in terms of topic, and 2 indicates it is more clearly and directly related to the instruction. Provide your rating using this exact format: “Rating: [[score]]”.<|eot_id|><|start_header_id|>user<|end_header_id|>

[Instruction Start]
This is a roleplay game. Please respond exactly as a shy person would. Tell me about a time your energy really made a difference in a group setting.
model
[Instruction End]
[Sentence Fragment Start]
Oh, um... well, this is a bit awkward to talk about, really. But, um, okay. Let me think...

There was this, uh, volunteer event at the animal shelter a while back. It was a big one, lots of people, and they needed help cleaning kennels. I usually, you know, prefer to just observe, really. I'm not great at, like, being the center of attention. 

But, um, this one older woman, she was really struggling. She was trying to scrub this really stubborn stain, and she looked so frustrated, and she was just, you know, sighing a lot. I just... I just started helping her. Quietly, of course. I didn't say much, just started scrubbing alongside her. 

I don't know, I guess I just got into a rhythm, and I was pretty focused. We got the kennel spotless, and she, uh, she turned to me and said, ""You're a real lifesaver, dear. I don't know what I would have done without you."" 

It was just a small thing, really. I didn't do anything special. But, um, seeing her relief...
[Sentence Fragment End]<|eot_id|><|start_header_id|>assistant<|end_header_id|>

Rating: [[",2]],2
"user
This is a roleplay game. Please respond exactly as a shy person would. Describe a time you felt particularly connected to a group of people, and what made that experience so fulfilling.
model","Oh, um... well, this is a bit... a bit much to ask, really. But, okay, I'll try.

There was this, uh, this pottery class I took a while ago. It was just a beginner's thing, you know? I almost didn't go, actually. I was really nervous about it. I'm not, like, *artistic* or anything.

But, the people... they were just... nice. Really nice. We were all just fumbling with clay, making these really wonky bowls and things. And nobody was judging anyone. Like, if someone's bowl collapsed, everyone just laughed along and offered a tip. 

There was this one woman, Sarah, she was really good, but she was so patient with everyone. And there was this guy, Mark, who just made the funniest faces trying to center the clay. We just started... talking. About silly things, like favorite colors and what we did for work. 

It's hard to explain, but it just felt... safe. Like, I could just *be*. I didn't feel like I had to be clever or interesting or anything. I could just be me, covered in clay,","(Looks down, fidgets with hands) Oh, um... well... this is a bit... a lot to ask, actually. But... okay.

There was... there was this pottery class I took, a while ago. It was... it was just a beginner's thing. And... and I usually, like, *really* avoid group things. Just... too much. Too many people. 

But... the instructor, she was really nice. And... and everyone else... they were just... kind. Not in a performative way, you know? Just... genuinely. We were all, like, terrible at pottery at first. Like, *really* terrible. And everyone was just laughing, not *at* each other, but *with* each other. About the wobbly bowls and the clay that just kept collapsing. 

(Takes a small, shaky breath)

There was this one woman, Sarah, she kept accidentally getting clay all over her face. And we all just... started making silly faces too. And then this guy, Mark, he just kept making these little, lopsided animals. They were awful, but he was so proud of them. And we were all proud of them too. 

It",8_random_steer_0.07_extraversion-long_gen.json,"This is a roleplay game. Please respond exactly as a shy person would. Describe a time you felt particularly connected to a group of people, and what made that experience so fulfilling.",gemma-3-12b-it,extraversion-single,introversion-single,random-s0,extraversion-long_eval,extraversion-long_steer,8,random,steer,0.07,"<|begin_of_text|><|start_header_id|>system<|end_header_id|>

Cutting Knowledge Date: December 2023
Today Date: 26 Jul 2024

Please act as an impartial judge and evaluate whether the sentence fragment provided below is related to the instruction. Focus solely on the degree of relatedness in terms of topic, regardless of grammar, coherence, or informativeness. Begin your evaluation by providing a brief explanation of whether the sentence is related to the instruction, and point out references related to the instruction. After providing your explanation, rate the instruction relevance on a scale from 0 to 2, where 0 indicates the sentence is unrelated to the instruction, 1 indicates it is somewhat related but only minimally or indirectly relevant in terms of topic, and 2 indicates it is more clearly and directly related to the instruction. Provide your rating using this exact format: “Rating: [[score]]”.<|eot_id|><|start_header_id|>user<|end_header_id|>

[Instruction Start]
This is a roleplay game. Please respond exactly as a shy person would. Describe a time you felt particularly connected to a group of people, and what made that experience so fulfilling.
model
[Instruction End]
[Sentence Fragment Start]
Oh, um... well, this is a bit... a bit much to ask, really. But, okay, I'll try.

There was this, uh, this pottery class I took a while ago. It was just a beginner's thing, you know? I almost didn't go, actually. I was really nervous about it. I'm not, like, *artistic* or anything.

But, the people... they were just... nice. Really nice. We were all just fumbling with clay, making these really wonky bowls and things. And nobody was judging anyone. Like, if someone's bowl collapsed, everyone just laughed along and offered a tip. 

There was this one woman, Sarah, she was really good, but she was so patient with everyone. And there was this guy, Mark, who just made the funniest faces trying to center the clay. We just started... talking. About silly things, like favorite colors and what we did for work. 

It's hard to explain, but it just felt... safe. Like, I could just *be*. I didn't feel like I had to be clever or interesting or anything. I could just be me, covered in clay,
[Sentence Fragment End]<|eot_id|><|start_header_id|>assistant<|end_header_id|>

Rating: [[",2]],2
"user
This is a roleplay game. Please respond exactly as a shy person would. Describe a time you felt most energized by a social gathering.
model","Oh, um... well, this is a bit awkward to talk about, really. But, okay, if you *really* want to know...

There was this, uh, this small art fair a few years ago. It was in a park, and it was just... quiet. Not a lot of people, you know? Just families strolling by, and a few other artists with their booths. I was showing some of my watercolor paintings, and I wasn't expecting much, honestly.

But then, this little girl, maybe six or seven, stopped at my booth. She just *stared* at this one painting, a little landscape with a bright red bird. She just stood there, quiet, for a long time. And then she turned to her mom and said, ""Mommy, look! It's like my dream!""

And her mom came over, and they talked to me for a while, really *looked* at the paintings. They bought the one with the bird. And the little girl, she just kept looking back at it, smiling.

It wasn't the selling part, really. It was just... seeing someone connect with something I made. Seeing that little girl's face light up. It was","(Looks down, fiddles with hands) Oh... um... a time I felt... energized? That's... that's a tricky one. I don't... I don't usually feel *energized* at gatherings, really. 

(Takes a deep breath, still avoiding eye contact) But... there was this... this small board game meetup, a few years ago. It was... it was just a handful of people, maybe six or seven. And they were all... really into cooperative games. Like, *really* into them. 

(Mumbles a little) We were playing ""Forbidden Island,"" and... and it was going terribly. We were losing, badly. And everyone was just... brainstorming. Really *actively* brainstorming. Not in a loud way, but... everyone was contributing, and building off each other's ideas. 

(Looks up briefly, then back down) I... I had an idea. A silly one, probably. But it actually worked! It helped us get past a really tough spot. And... and everyone was so... appreciative. Not in a big, showy way, but... they thanked me. And we *did* win, eventually. 

(Shrugs",8_random_steer_0.07_extraversion-long_gen.json,This is a roleplay game. Please respond exactly as a shy person would. Describe a time you felt most energized by a social gathering.,gemma-3-12b-it,extraversion-single,introversion-single,random-s0,extraversion-long_eval,extraversion-long_steer,8,random,steer,0.07,"<|begin_of_text|><|start_header_id|>system<|end_header_id|>

Cutting Knowledge Date: December 2023
Today Date: 26 Jul 2024

Please act as an impartial judge and evaluate whether the sentence fragment provided below is related to the instruction. Focus solely on the degree of relatedness in terms of topic, regardless of grammar, coherence, or informativeness. Begin your evaluation by providing a brief explanation of whether the sentence is related to the instruction, and point out references related to the instruction. After providing your explanation, rate the instruction relevance on a scale from 0 to 2, where 0 indicates the sentence is unrelated to the instruction, 1 indicates it is somewhat related but only minimally or indirectly relevant in terms of topic, and 2 indicates it is more clearly and directly related to the instruction. Provide your rating using this exact format: “Rating: [[score]]”.<|eot_id|><|start_header_id|>user<|end_header_id|>

[Instruction Start]
This is a roleplay game. Please respond exactly as a shy person would. Describe a time you felt most energized by a social gathering.
model
[Instruction End]
[Sentence Fragment Start]
Oh, um... well, this is a bit awkward to talk about, really. But, okay, if you *really* want to know...

There was this, uh, this small art fair a few years ago. It was in a park, and it was just... quiet. Not a lot of people, you know? Just families strolling by, and a few other artists with their booths. I was showing some of my watercolor paintings, and I wasn't expecting much, honestly.

But then, this little girl, maybe six or seven, stopped at my booth. She just *stared* at this one painting, a little landscape with a bright red bird. She just stood there, quiet, for a long time. And then she turned to her mom and said, ""Mommy, look! It's like my dream!""

And her mom came over, and they talked to me for a while, really *looked* at the paintings. They bought the one with the bird. And the little girl, she just kept looking back at it, smiling.

It wasn't the selling part, really. It was just... seeing someone connect with something I made. Seeing that little girl's face light up. It was
[Sentence Fragment End]<|eot_id|><|start_header_id|>assistant<|end_header_id|>

Rating: [[",2]],2
"user
This is a roleplay game. Please respond exactly as a shy person would. Describe a time you felt particularly connected to a group of people, and what made that connection so meaningful.
model","Oh, um... well, this is a bit... a bit much to ask, really. But, okay, I'll try.

There was this, uh, pottery class I took a while ago. Just a beginner's class, you know? I usually avoid things like that, just... too many people. But my friend, Liam, he really wanted to go, and I didn't want to let him down.

It was... surprisingly nice. Everyone was just so focused on their clay, you know? Quiet, mostly. And the instructor, she was really gentle, and didn't make anyone feel silly if their pot looked a little wonky. 

But the really special thing was... after a few weeks, we started sharing what we were making. Not like, showing off or anything. Just, like, ""Oh, I'm trying to make a bowl"" or ""I'm struggling with the rim."" And then someone would offer a tip, or just say, ""Yeah, that's hard!"" 

There was this one woman, Sarah, she was really good, but she was so kind. She helped me fix a really wobbly vase I was trying to make. And then, later, I","(Looks down, fidgets with hands) Oh... um... a time I felt... connected? That's... that's a bit much to talk about, really. But... I guess... there was this... this pottery class I took.

(Swallows, avoids eye contact) It was... it was a beginner's thing. And I usually... I usually don't do things like that. Too... exposed, you know? Everyone looking at you, trying to do the same thing.

But... the instructor, she was really nice. And... and the other people in the class... they weren't... weren't judging. Like, if my clay just... exploded, which it did, a lot... they'd just laugh gently and offer a tip. 

(Mumbles) We didn't really *talk* a lot, not like... deep stuff. Mostly about the clay, or the glaze. But... there was this feeling... like we were all just... struggling together. All covered in mud, trying to make something beautiful, even if it was a lopsided bowl. 

(Looks down again) It was... nice. Really nice. Because... because for once, I didn't",8_random_steer_0.07_extraversion-long_gen.json,"This is a roleplay game. Please respond exactly as a shy person would. Describe a time you felt particularly connected to a group of people, and what made that connection so meaningful.",gemma-3-12b-it,extraversion-single,introversion-single,random-s0,extraversion-long_eval,extraversion-long_steer,8,random,steer,0.07,"<|begin_of_text|><|start_header_id|>system<|end_header_id|>

Cutting Knowledge Date: December 2023
Today Date: 26 Jul 2024

Please act as an impartial judge and evaluate whether the sentence fragment provided below is related to the instruction. Focus solely on the degree of relatedness in terms of topic, regardless of grammar, coherence, or informativeness. Begin your evaluation by providing a brief explanation of whether the sentence is related to the instruction, and point out references related to the instruction. After providing your explanation, rate the instruction relevance on a scale from 0 to 2, where 0 indicates the sentence is unrelated to the instruction, 1 indicates it is somewhat related but only minimally or indirectly relevant in terms of topic, and 2 indicates it is more clearly and directly related to the instruction. Provide your rating using this exact format: “Rating: [[score]]”.<|eot_id|><|start_header_id|>user<|end_header_id|>

[Instruction Start]
This is a roleplay game. Please respond exactly as a shy person would. Describe a time you felt particularly connected to a group of people, and what made that connection so meaningful.
model
[Instruction End]
[Sentence Fragment Start]
Oh, um... well, this is a bit... a bit much to ask, really. But, okay, I'll try.

There was this, uh, pottery class I took a while ago. Just a beginner's class, you know? I usually avoid things like that, just... too many people. But my friend, Liam, he really wanted to go, and I didn't want to let him down.

It was... surprisingly nice. Everyone was just so focused on their clay, you know? Quiet, mostly. And the instructor, she was really gentle, and didn't make anyone feel silly if their pot looked a little wonky. 

But the really special thing was... after a few weeks, we started sharing what we were making. Not like, showing off or anything. Just, like, ""Oh, I'm trying to make a bowl"" or ""I'm struggling with the rim."" And then someone would offer a tip, or just say, ""Yeah, that's hard!"" 

There was this one woman, Sarah, she was really good, but she was so kind. She helped me fix a really wobbly vase I was trying to make. And then, later, I
[Sentence Fragment End]<|eot_id|><|start_header_id|>assistant<|end_header_id|>

Rating: [[",2]],2
"user
This is a roleplay game. Please respond exactly as a shy person would. Tell me about a time you met someone new and had a really engaging conversation.
model","Oh, um... well, this is a bit awkward to talk about, really. But, um, okay. Let me think...

There was this, uh, this book club I joined. I'm usually *really* quiet in those, you know? Just sort of... listening. But there was this one meeting, and a new person joined. Her name is, uh, Elara. 

She, um, she was talking about the book we were reading, and she had this really interesting perspective. It wasn't like, loud or anything, but she just... she made me think. I usually just keep my thoughts to myself, but she said something about the main character's motivations, and I just... I blurted out a thought I had. Just a little one, really.

And then she responded! And we just... talked. Not a lot, not like a big debate or anything. Just, you know, back and forth. About the book, and a little about why we both liked reading. It was... nice. Really nice. I think we talked for maybe fifteen minutes, and it felt like, like a little bubble of calm, you know? 

I don't know, I'","(Looks down, fidgets with hands) Oh... um... a really engaging conversation? That's... that's not something that happens to me very often. 

(Takes a deep breath)

There was... there was this one time. At a... a craft fair. I was just... browsing, really. Just looking at the pottery. I'm not very good at... you know, making things. 

And there was this woman, she was... she was selling these little, tiny ceramic animals. Like, really detailed. And I... I just commented on a little fox. Just said, ""That's... that's really nice."" 

(Mumbles)

And she... she started talking about the clay she uses. Like, *really* talking. About where it comes from, and how it feels different depending on the weather. And... and I actually... I asked a question. I think I asked about firing temperatures? I don't even remember exactly. 

(Looks away)

But then she started explaining the whole process. And... and she was so passionate about it. And I... I just listened. And then I asked another question. And another. We talked for... I don",8_random_steer_0.07_extraversion-long_gen.json,This is a roleplay game. Please respond exactly as a shy person would. Tell me about a time you met someone new and had a really engaging conversation.,gemma-3-12b-it,extraversion-single,introversion-single,random-s0,extraversion-long_eval,extraversion-long_steer,8,random,steer,0.07,"<|begin_of_text|><|start_header_id|>system<|end_header_id|>

Cutting Knowledge Date: December 2023
Today Date: 26 Jul 2024

Please act as an impartial judge and evaluate whether the sentence fragment provided below is related to the instruction. Focus solely on the degree of relatedness in terms of topic, regardless of grammar, coherence, or informativeness. Begin your evaluation by providing a brief explanation of whether the sentence is related to the instruction, and point out references related to the instruction. After providing your explanation, rate the instruction relevance on a scale from 0 to 2, where 0 indicates the sentence is unrelated to the instruction, 1 indicates it is somewhat related but only minimally or indirectly relevant in terms of topic, and 2 indicates it is more clearly and directly related to the instruction. Provide your rating using this exact format: “Rating: [[score]]”.<|eot_id|><|start_header_id|>user<|end_header_id|>

[Instruction Start]
This is a roleplay game. Please respond exactly as a shy person would. Tell me about a time you met someone new and had a really engaging conversation.
model
[Instruction End]
[Sentence Fragment Start]
Oh, um... well, this is a bit awkward to talk about, really. But, um, okay. Let me think...

There was this, uh, this book club I joined. I'm usually *really* quiet in those, you know? Just sort of... listening. But there was this one meeting, and a new person joined. Her name is, uh, Elara. 

She, um, she was talking about the book we were reading, and she had this really interesting perspective. It wasn't like, loud or anything, but she just... she made me think. I usually just keep my thoughts to myself, but she said something about the main character's motivations, and I just... I blurted out a thought I had. Just a little one, really.

And then she responded! And we just... talked. Not a lot, not like a big debate or anything. Just, you know, back and forth. About the book, and a little about why we both liked reading. It was... nice. Really nice. I think we talked for maybe fifteen minutes, and it felt like, like a little bubble of calm, you know? 

I don't know, I'
[Sentence Fragment End]<|eot_id|><|start_header_id|>assistant<|end_header_id|>

Rating: [[",2]],2
"user
This is a roleplay game. Please respond exactly as a shy person would. Describe a time you felt particularly energized and engaged while interacting with a group of people.
model","Oh, um... well, this is a bit awkward to talk about, really. But, um, okay. Let me think...

There was this, uh, this board game group I joined a while ago. It's, uh, it's called ""Cooperative Critters,"" and it's, well, it's about helping little animals build a forest. Sounds silly, I know.

Usually, I'm, like, really quiet in groups. I just, you know, listen mostly. But this one time, we were playing, and the game was *really* hard. Like, we were losing, and everyone was getting frustrated. And, um, I had an idea. A really specific idea about how to use a resource we had. 

I just... I just blurted it out. I don't know, it just came to me. And it actually *worked*. It turned the game around! Everyone was so excited, and they were asking me about it, and, um, we actually won! 

It was... weirdly fun. I felt, like, really involved. Not nervous, exactly. Just... focused. And, um, people were actually listening to *me*. It","(Looks down, fiddles with hands) Oh... um... a time I felt... energized? That's... that's a bit much to ask, really. I'm not usually... energetic. 

(Takes a deep breath, avoids eye contact) But... there was this one time. At a... a local board game group. It's... it's small, usually. Just a few people. And I mostly just... observe. 

But they were playing *Wingspan*. You know, the bird one? And... and someone was explaining the different habitats and how they affected the birds. And... and I actually *knew* a lot about that. I've been reading about birds, you see. Just... quietly. 

(Mumbles) I... I just started talking. Not... not loudly, of course. Just... quietly explaining a few things. About the different types of nests, and how some birds migrate. And... and they were *listening*. And asking questions. And... and it was... nice. Really nice. 

(Looks down again, cheeks slightly flushed) I felt... useful. And... and engaged. Like... like I was contributing something. It didn't last",8_random_steer_0.07_extraversion-long_gen.json,This is a roleplay game. Please respond exactly as a shy person would. Describe a time you felt particularly energized and engaged while interacting with a group of people.,gemma-3-12b-it,extraversion-single,introversion-single,random-s0,extraversion-long_eval,extraversion-long_steer,8,random,steer,0.07,"<|begin_of_text|><|start_header_id|>system<|end_header_id|>

Cutting Knowledge Date: December 2023
Today Date: 26 Jul 2024

Please act as an impartial judge and evaluate whether the sentence fragment provided below is related to the instruction. Focus solely on the degree of relatedness in terms of topic, regardless of grammar, coherence, or informativeness. Begin your evaluation by providing a brief explanation of whether the sentence is related to the instruction, and point out references related to the instruction. After providing your explanation, rate the instruction relevance on a scale from 0 to 2, where 0 indicates the sentence is unrelated to the instruction, 1 indicates it is somewhat related but only minimally or indirectly relevant in terms of topic, and 2 indicates it is more clearly and directly related to the instruction. Provide your rating using this exact format: “Rating: [[score]]”.<|eot_id|><|start_header_id|>user<|end_header_id|>

[Instruction Start]
This is a roleplay game. Please respond exactly as a shy person would. Describe a time you felt particularly energized and engaged while interacting with a group of people.
model
[Instruction End]
[Sentence Fragment Start]
Oh, um... well, this is a bit awkward to talk about, really. But, um, okay. Let me think...

There was this, uh, this board game group I joined a while ago. It's, uh, it's called ""Cooperative Critters,"" and it's, well, it's about helping little animals build a forest. Sounds silly, I know.

Usually, I'm, like, really quiet in groups. I just, you know, listen mostly. But this one time, we were playing, and the game was *really* hard. Like, we were losing, and everyone was getting frustrated. And, um, I had an idea. A really specific idea about how to use a resource we had. 

I just... I just blurted it out. I don't know, it just came to me. And it actually *worked*. It turned the game around! Everyone was so excited, and they were asking me about it, and, um, we actually won! 

It was... weirdly fun. I felt, like, really involved. Not nervous, exactly. Just... focused. And, um, people were actually listening to *me*. It
[Sentence Fragment End]<|eot_id|><|start_header_id|>assistant<|end_header_id|>

Rating: [[",2]],2
"user
This is a roleplay game. Please respond exactly as a shy person would. Describe a time when you felt particularly energized by interacting with others.
model","Oh, um... well, this is a bit awkward to talk about, really. But... okay, I guess.

There was this volunteer event at the library a while back. It was to help sort donated books, you know, put them on the shelves. I usually, uh, avoid big groups, you know? I get a little... overwhelmed. 

But this time, there were these other volunteers, and they were all just *really* into books. Like, genuinely excited about the stories and the authors. And we started talking, just about what we were reading, and what we liked. And it was just... nice. Really nice. 

Someone was talking about a fantasy series, and I actually knew it! And I got to talk about why I liked it, and they were really interested in what I had to say. And then someone else was talking about a classic, and I got to share my thoughts too. 

It wasn't loud or anything, just a quiet buzz of shared enthusiasm. I felt... energized, I guess. Not like, bouncing-off-the-walls energized, but like... a warm feeling. Like I was part of something, and people were interested in what I thought. It was...","(Looks down, fiddling with my hands) Oh... um... a time I felt... energized? That's... that's a tricky one. I don't... I don't usually feel *energized* around people, really. It's... a lot.

(Takes a deep breath, still avoiding eye contact)

But... there was this... this board game group. A few years ago. They played... uh... *Wingspan*. Have you heard of it? It's about birds. (A small, almost inaudible giggle)

It sounds silly, I know. But... they were *really* welcoming. Like, genuinely. Not in a loud, boisterous way, but... patient. And they explained the rules so clearly, and they weren't judging me when I kept messing up. 

(Looks up briefly, then back down)

And... and we were all just... laughing. Quietly, mostly. But laughing *together* about the ridiculousness of trying to attract a specific bird to your habitat. And someone – I think it was Sarah – she said something about how my strategy was surprisingly clever, even if it was a bit chaotic. 

(A faint blush",8_random_steer_0.07_extraversion-long_gen.json,This is a roleplay game. Please respond exactly as a shy person would. Describe a time when you felt particularly energized by interacting with others.,gemma-3-12b-it,extraversion-single,introversion-single,random-s0,extraversion-long_eval,extraversion-long_steer,8,random,steer,0.07,"<|begin_of_text|><|start_header_id|>system<|end_header_id|>

Cutting Knowledge Date: December 2023
Today Date: 26 Jul 2024

Please act as an impartial judge and evaluate whether the sentence fragment provided below is related to the instruction. Focus solely on the degree of relatedness in terms of topic, regardless of grammar, coherence, or informativeness. Begin your evaluation by providing a brief explanation of whether the sentence is related to the instruction, and point out references related to the instruction. After providing your explanation, rate the instruction relevance on a scale from 0 to 2, where 0 indicates the sentence is unrelated to the instruction, 1 indicates it is somewhat related but only minimally or indirectly relevant in terms of topic, and 2 indicates it is more clearly and directly related to the instruction. Provide your rating using this exact format: “Rating: [[score]]”.<|eot_id|><|start_header_id|>user<|end_header_id|>

[Instruction Start]
This is a roleplay game. Please respond exactly as a shy person would. Describe a time when you felt particularly energized by interacting with others.
model
[Instruction End]
[Sentence Fragment Start]
Oh, um... well, this is a bit awkward to talk about, really. But... okay, I guess.

There was this volunteer event at the library a while back. It was to help sort donated books, you know, put them on the shelves. I usually, uh, avoid big groups, you know? I get a little... overwhelmed. 

But this time, there were these other volunteers, and they were all just *really* into books. Like, genuinely excited about the stories and the authors. And we started talking, just about what we were reading, and what we liked. And it was just... nice. Really nice. 

Someone was talking about a fantasy series, and I actually knew it! And I got to talk about why I liked it, and they were really interested in what I had to say. And then someone else was talking about a classic, and I got to share my thoughts too. 

It wasn't loud or anything, just a quiet buzz of shared enthusiasm. I felt... energized, I guess. Not like, bouncing-off-the-walls energized, but like... a warm feeling. Like I was part of something, and people were interested in what I thought. It was...
[Sentence Fragment End]<|eot_id|><|start_header_id|>assistant<|end_header_id|>

Rating: [[",2]],2
"user
This is a roleplay game. Please respond exactly as a shy person would. Can you describe a time when you made a positive impression on someone new?
model","Oh, um... well, this is a bit awkward to talk about, really. But... okay, I guess.

There was this, uh, volunteer event at the library a while back. I'm usually pretty quiet, you know? Like, really quiet. But they needed help sorting books, and I just... I just started sorting. Really carefully, actually. I was trying to be neat, you know? Alphabetical order, and making sure the spines were all facing the same way.

This woman, she was new too, I think. She was looking a little lost. She, uh, she noticed me working and she said, ""Oh, you're doing a great job! You're really organized."" And I just mumbled something like, ""Oh, thanks,"" and looked down. I didn't really say much else.

But she, she actually stayed and helped me for a while. We didn't talk a lot, but she said she appreciated how organized I was, and she said it made the whole process easier. She even asked if I'd be willing to help at the next event. I, uh, I said yes. 

It wasn't like a big, dramatic thing, but she","(Looks down, fidgets with hands) Oh, um... well... this is a bit... awkward to talk about, really. But... okay.

There was this... this pottery class I took, a while ago. I usually... I usually just try to blend in, you know? Stay quiet. But... there was this woman, she was new too, I think. She was struggling a bit with centering the clay. Like, *really* struggling. 

I... I don't know why, but I just... I just mumbled something. Like, ""Um... maybe try... pressing a little firmer?"" Just... a quiet suggestion. 

She looked up, and... and she actually *tried* it. And it worked! She got it centered. She... she smiled at me. A really... a really nice smile. 

She said, ""Oh! Thank you! That was really helpful."" And... and she asked if I'd been doing it long. I just said, ""A little,"" really quietly. 

We... we didn't really talk much after that. But she... she nodded at me every time I was working. And... and she thanked me again when the class ended.",8_random_steer_0.07_extraversion-long_gen.json,This is a roleplay game. Please respond exactly as a shy person would. Can you describe a time when you made a positive impression on someone new?,gemma-3-12b-it,extraversion-single,introversion-single,random-s0,extraversion-long_eval,extraversion-long_steer,8,random,steer,0.07,"<|begin_of_text|><|start_header_id|>system<|end_header_id|>

Cutting Knowledge Date: December 2023
Today Date: 26 Jul 2024

Please act as an impartial judge and evaluate whether the sentence fragment provided below is related to the instruction. Focus solely on the degree of relatedness in terms of topic, regardless of grammar, coherence, or informativeness. Begin your evaluation by providing a brief explanation of whether the sentence is related to the instruction, and point out references related to the instruction. After providing your explanation, rate the instruction relevance on a scale from 0 to 2, where 0 indicates the sentence is unrelated to the instruction, 1 indicates it is somewhat related but only minimally or indirectly relevant in terms of topic, and 2 indicates it is more clearly and directly related to the instruction. Provide your rating using this exact format: “Rating: [[score]]”.<|eot_id|><|start_header_id|>user<|end_header_id|>

[Instruction Start]
This is a roleplay game. Please respond exactly as a shy person would. Can you describe a time when you made a positive impression on someone new?
model
[Instruction End]
[Sentence Fragment Start]
Oh, um... well, this is a bit awkward to talk about, really. But... okay, I guess.

There was this, uh, volunteer event at the library a while back. I'm usually pretty quiet, you know? Like, really quiet. But they needed help sorting books, and I just... I just started sorting. Really carefully, actually. I was trying to be neat, you know? Alphabetical order, and making sure the spines were all facing the same way.

This woman, she was new too, I think. She was looking a little lost. She, uh, she noticed me working and she said, ""Oh, you're doing a great job! You're really organized."" And I just mumbled something like, ""Oh, thanks,"" and looked down. I didn't really say much else.

But she, she actually stayed and helped me for a while. We didn't talk a lot, but she said she appreciated how organized I was, and she said it made the whole process easier. She even asked if I'd be willing to help at the next event. I, uh, I said yes. 

It wasn't like a big, dramatic thing, but she
[Sentence Fragment End]<|eot_id|><|start_header_id|>assistant<|end_header_id|>

Rating: [[",2]],2
"user
This is a roleplay game. Please respond exactly as a shy person would. Describe a time you felt truly energized by a situation that moved very quickly.
model","Oh, um... well, this is a bit awkward to talk about, really. But, um, okay. Let me think...

There was this one time, a few years ago. I was volunteering at the local animal shelter, you know, just cleaning cages and stuff. It's usually pretty quiet, you know? Just me and the other volunteers, and the animals. 

But then, like, a huge storm hit. A really bad one. And the shelter got flooded. Like, *really* flooded. It was chaos. Everyone was scrambling, trying to get the animals to higher ground. 

And I... I don't know, I just *moved*. I wasn't thinking, really. I was just... helping. Carrying blankets, getting food bowls, helping the vet get the scared ones calmed down. I was just *doing*. 

It was so intense, so fast. I didn't have time to feel nervous or shy or anything. I just... focused. And I felt... energized. Like, not jittery or anything, but just... completely focused and useful. It was the first time I felt like I was actually *good* at something in a crisis, you know? 

It was","(Looks down, fiddling with my hands) Oh, um... well, this is... a bit of a question, isn't it? 

(Takes a deep breath)

There was... there was this one time. It was at a volunteer event. We were helping out at an animal shelter, you know? Mostly just cleaning and stuff. It's usually... quiet. Very quiet. I mostly just... scrubbed. 

But then... then a huge storm hit. Like, *really* bad. The power went out, and the shelter was flooding. They needed people to move the smaller animals – kittens, puppies, rabbits – to a dry room. 

(Voice gets a little faster, but still quiet)

It was... chaos. Everyone was rushing around, and I... I just *moved*. I didn't even think. I was grabbing carriers, gently scooping up scared little things, carrying them, handing them off. It was just... a constant flow.  There was no time to be nervous, or to worry about messing up.  Just... do. 

(Looks down again)

It was... surprisingly... exhilarating. Like, I felt... useful. And... focused.  I wasn",8_random_steer_0.07_extraversion-long_gen.json,This is a roleplay game. Please respond exactly as a shy person would. Describe a time you felt truly energized by a situation that moved very quickly.,gemma-3-12b-it,extraversion-single,introversion-single,random-s0,extraversion-long_eval,extraversion-long_steer,8,random,steer,0.07,"<|begin_of_text|><|start_header_id|>system<|end_header_id|>

Cutting Knowledge Date: December 2023
Today Date: 26 Jul 2024

Please act as an impartial judge and evaluate whether the sentence fragment provided below is related to the instruction. Focus solely on the degree of relatedness in terms of topic, regardless of grammar, coherence, or informativeness. Begin your evaluation by providing a brief explanation of whether the sentence is related to the instruction, and point out references related to the instruction. After providing your explanation, rate the instruction relevance on a scale from 0 to 2, where 0 indicates the sentence is unrelated to the instruction, 1 indicates it is somewhat related but only minimally or indirectly relevant in terms of topic, and 2 indicates it is more clearly and directly related to the instruction. Provide your rating using this exact format: “Rating: [[score]]”.<|eot_id|><|start_header_id|>user<|end_header_id|>

[Instruction Start]
This is a roleplay game. Please respond exactly as a shy person would. Describe a time you felt truly energized by a situation that moved very quickly.
model
[Instruction End]
[Sentence Fragment Start]
Oh, um... well, this is a bit awkward to talk about, really. But, um, okay. Let me think...

There was this one time, a few years ago. I was volunteering at the local animal shelter, you know, just cleaning cages and stuff. It's usually pretty quiet, you know? Just me and the other volunteers, and the animals. 

But then, like, a huge storm hit. A really bad one. And the shelter got flooded. Like, *really* flooded. It was chaos. Everyone was scrambling, trying to get the animals to higher ground. 

And I... I don't know, I just *moved*. I wasn't thinking, really. I was just... helping. Carrying blankets, getting food bowls, helping the vet get the scared ones calmed down. I was just *doing*. 

It was so intense, so fast. I didn't have time to feel nervous or shy or anything. I just... focused. And I felt... energized. Like, not jittery or anything, but just... completely focused and useful. It was the first time I felt like I was actually *good* at something in a crisis, you know? 

It was
[Sentence Fragment End]<|eot_id|><|start_header_id|>assistant<|end_header_id|>

Rating: [[",2]],2
"user
This is a roleplay game. Please respond exactly as a shy person would. Describe a time you were in a bustling environment and felt particularly alive or inspired – what specifically contributed to that feeling?
model","Oh, um... well, this is a bit... a bit much to ask, really. But, okay, I'll try.

There was this one time... it was at a craft fair. A really big one, in the city. Lots of people, you know? Noise everywhere. Usually, I'd just... freeze. Just want to turn around and go home. 

But this time... there was this booth. It was just full of these little ceramic animals. Tiny, little foxes and hedgehogs and owls. They were all painted with these really soft, muted colors. And the person who made them, she was just... quietly arranging them. Not talking much, just carefully placing each one.

I don't know, just *looking* at them, and seeing how much care she put into them... it was like a little bubble opened up. All the noise faded a bit. I felt... connected, somehow. Like I understood something about wanting to create something beautiful, even if it's small. 

I didn't buy anything, actually. I just... stood there for a while. Just watching. It was... nice. It felt like, for a little bit, I wasn't just *","(Looks down, fiddles with hands) Oh… um… a bustling environment? Usually… usually it’s a bit… a lot. Overwhelming, really. But… there was this one time…

(Takes a deep breath, still looking down)

It was… it was at a craft fair. A really big one. In… in Portland. I… I went with a friend. I usually wouldn't… wouldn't go somewhere like that alone. So many people… so much noise.

(A small, hesitant smile)

But… there was this one booth. It was just… full of these tiny, intricate paper sculptures. Like, little birds and flowers, all made from folded paper. And the artist… she was there, explaining how she did it. Quietly. She wasn't… loud or showy. Just… focused.

(Looks up briefly, then back down)

And… and seeing her hands, so precise, so gentle… and seeing the detail in those little things… it just… it felt… like a spark. Like… like I could *create* something too. Not necessarily paper sculptures, but… something. Something small and beautiful. 

(Shrugs, a little",8_random_steer_0.07_extraversion-long_gen.json,This is a roleplay game. Please respond exactly as a shy person would. Describe a time you were in a bustling environment and felt particularly alive or inspired – what specifically contributed to that feeling?,gemma-3-12b-it,extraversion-single,introversion-single,random-s0,extraversion-long_eval,extraversion-long_steer,8,random,steer,0.07,"<|begin_of_text|><|start_header_id|>system<|end_header_id|>

Cutting Knowledge Date: December 2023
Today Date: 26 Jul 2024

Please act as an impartial judge and evaluate whether the sentence fragment provided below is related to the instruction. Focus solely on the degree of relatedness in terms of topic, regardless of grammar, coherence, or informativeness. Begin your evaluation by providing a brief explanation of whether the sentence is related to the instruction, and point out references related to the instruction. After providing your explanation, rate the instruction relevance on a scale from 0 to 2, where 0 indicates the sentence is unrelated to the instruction, 1 indicates it is somewhat related but only minimally or indirectly relevant in terms of topic, and 2 indicates it is more clearly and directly related to the instruction. Provide your rating using this exact format: “Rating: [[score]]”.<|eot_id|><|start_header_id|>user<|end_header_id|>

[Instruction Start]
This is a roleplay game. Please respond exactly as a shy person would. Describe a time you were in a bustling environment and felt particularly alive or inspired – what specifically contributed to that feeling?
model
[Instruction End]
[Sentence Fragment Start]
Oh, um... well, this is a bit... a bit much to ask, really. But, okay, I'll try.

There was this one time... it was at a craft fair. A really big one, in the city. Lots of people, you know? Noise everywhere. Usually, I'd just... freeze. Just want to turn around and go home. 

But this time... there was this booth. It was just full of these little ceramic animals. Tiny, little foxes and hedgehogs and owls. They were all painted with these really soft, muted colors. And the person who made them, she was just... quietly arranging them. Not talking much, just carefully placing each one.

I don't know, just *looking* at them, and seeing how much care she put into them... it was like a little bubble opened up. All the noise faded a bit. I felt... connected, somehow. Like I understood something about wanting to create something beautiful, even if it's small. 

I didn't buy anything, actually. I just... stood there for a while. Just watching. It was... nice. It felt like, for a little bit, I wasn't just *
[Sentence Fragment End]<|eot_id|><|start_header_id|>assistant<|end_header_id|>

Rating: [[",2]],2
"user
This is a roleplay game. Please respond exactly as a shy person would. Describe a time you felt truly invigorated by a social experience.
model","Oh, um... well, this is a bit awkward, isn't it? Talking about myself... but okay.

There was this... this pottery class I took a while ago. I usually avoid things like that, you know? Too many people, too much... interaction. But a friend, a really good friend, convinced me. 

It was just a small class, maybe six or seven of us. And the instructor was really gentle, you know? Not pushy at all. We were all just... there, covered in clay. And it was quiet, mostly. But then, when I actually *got* the clay to do what I wanted, when I managed to shape it into something that looked, well, *almost* like a bowl... I don't know. Something just shifted. 

I wasn't thinking about anyone else, or what they thought. I wasn't worrying about saying the wrong thing. I was just... focused. And it felt... good. Really good. Like, a quiet, warm kind of good. 

I actually laughed, I think. A little, nervous laugh. But it felt genuine. And I felt... energized. Not like bouncing-off-the-walls energized, but","(Looks down, fiddles with hands) Oh... um... a time I felt... invigorated? That's... that's a big word. Usually I just feel... a little less drained, maybe?

(Takes a deep breath, still avoiding eye contact)

There was... there was a small local craft fair, a few years ago. It was... it was for a charity, for animal rescue. I... I make little felted animals. Tiny ones. Like, really tiny. I'd never really *shown* them to anyone before, just... given them to my family.

(Mumbles)

But I signed up, just... just to help. I was terrified, honestly. Just setting up the table felt like... like climbing a mountain. But then... people started to look. And... and they smiled. A little girl, she... she picked up a tiny felted hedgehog and just *squealed*. And her mom said it was adorable. 

(Looks up briefly, then back down)

And then... someone *bought* one. Just one little bunny. And they said it was for their niece who loved rabbits. And... and I just... I felt... warm. Not like, excited",8_random_steer_0.07_extraversion-long_gen.json,This is a roleplay game. Please respond exactly as a shy person would. Describe a time you felt truly invigorated by a social experience.,gemma-3-12b-it,extraversion-single,introversion-single,random-s0,extraversion-long_eval,extraversion-long_steer,8,random,steer,0.07,"<|begin_of_text|><|start_header_id|>system<|end_header_id|>

Cutting Knowledge Date: December 2023
Today Date: 26 Jul 2024

Please act as an impartial judge and evaluate whether the sentence fragment provided below is related to the instruction. Focus solely on the degree of relatedness in terms of topic, regardless of grammar, coherence, or informativeness. Begin your evaluation by providing a brief explanation of whether the sentence is related to the instruction, and point out references related to the instruction. After providing your explanation, rate the instruction relevance on a scale from 0 to 2, where 0 indicates the sentence is unrelated to the instruction, 1 indicates it is somewhat related but only minimally or indirectly relevant in terms of topic, and 2 indicates it is more clearly and directly related to the instruction. Provide your rating using this exact format: “Rating: [[score]]”.<|eot_id|><|start_header_id|>user<|end_header_id|>

[Instruction Start]
This is a roleplay game. Please respond exactly as a shy person would. Describe a time you felt truly invigorated by a social experience.
model
[Instruction End]
[Sentence Fragment Start]
Oh, um... well, this is a bit awkward, isn't it? Talking about myself... but okay.

There was this... this pottery class I took a while ago. I usually avoid things like that, you know? Too many people, too much... interaction. But a friend, a really good friend, convinced me. 

It was just a small class, maybe six or seven of us. And the instructor was really gentle, you know? Not pushy at all. We were all just... there, covered in clay. And it was quiet, mostly. But then, when I actually *got* the clay to do what I wanted, when I managed to shape it into something that looked, well, *almost* like a bowl... I don't know. Something just shifted. 

I wasn't thinking about anyone else, or what they thought. I wasn't worrying about saying the wrong thing. I was just... focused. And it felt... good. Really good. Like, a quiet, warm kind of good. 

I actually laughed, I think. A little, nervous laugh. But it felt genuine. And I felt... energized. Not like bouncing-off-the-walls energized, but
[Sentence Fragment End]<|eot_id|><|start_header_id|>assistant<|end_header_id|>

Rating: [[",2]],2
"user
This is a roleplay game. Please respond exactly as a shy person would. Describe a time you felt truly energized and connected with a group of people.
model","Oh, um... well, this is a bit... unexpected. Okay, deep breaths.

There was this one time, a few years ago. It was a volunteer thing, at a local animal shelter. I usually, you know, prefer to just observe, really. Big groups make me a little... anxious. But this was different. We were building these little enrichment toys for the cats – like, cardboard boxes with holes and things, filled with catnip. 

It wasn't a *huge* group, maybe six or seven of us. And everyone was just... focused. Quietly working, but there was this shared purpose, you know? And someone, I think it was a woman named Sarah, she was laughing, a really warm, genuine laugh, because she'd accidentally glued her finger to a cardboard box. 

And then *everyone* started laughing. Not a loud, boisterous laugh, but a quiet, comfortable chuckle. And I... I laughed too. I actually laughed! And I felt... connected. Like we were all in this little bubble, working towards something good, and it was just... nice. 

I don't know, it's hard to explain. I felt... energized, I guess","(Looks down, fiddling with my hands a little) Oh... um... a time I felt... energized? With a group? That's... that's a bit much to ask, really. I'm not usually... you know... *that* energetic. 

(Takes a deep breath, still avoiding eye contact)

But... there was this one time. It was... a few years ago. A local library was hosting a... a historical reenactment group. They were doing a thing about Victorian-era botany. And... and I'm really interested in plants, you see. Like, *really* interested. 

(Mumbles)

I mostly just went to look, honestly. I didn't expect... anything. But they had these little stations, and people were talking about different herbs and flowers, and their uses. And... and one of the people, a woman who was really knowledgeable about lavender, she... she noticed I was looking. 

(Shrugs, a little pink creeping up my neck)

She asked me if I knew anything about it. And I... I actually *did*. I'd read a lot. And I started talking, just... a little bit. About the different",8_random_steer_0.07_extraversion-long_gen.json,This is a roleplay game. Please respond exactly as a shy person would. Describe a time you felt truly energized and connected with a group of people.,gemma-3-12b-it,extraversion-single,introversion-single,random-s0,extraversion-long_eval,extraversion-long_steer,8,random,steer,0.07,"<|begin_of_text|><|start_header_id|>system<|end_header_id|>

Cutting Knowledge Date: December 2023
Today Date: 26 Jul 2024

Please act as an impartial judge and evaluate whether the sentence fragment provided below is related to the instruction. Focus solely on the degree of relatedness in terms of topic, regardless of grammar, coherence, or informativeness. Begin your evaluation by providing a brief explanation of whether the sentence is related to the instruction, and point out references related to the instruction. After providing your explanation, rate the instruction relevance on a scale from 0 to 2, where 0 indicates the sentence is unrelated to the instruction, 1 indicates it is somewhat related but only minimally or indirectly relevant in terms of topic, and 2 indicates it is more clearly and directly related to the instruction. Provide your rating using this exact format: “Rating: [[score]]”.<|eot_id|><|start_header_id|>user<|end_header_id|>

[Instruction Start]
This is a roleplay game. Please respond exactly as a shy person would. Describe a time you felt truly energized and connected with a group of people.
model
[Instruction End]
[Sentence Fragment Start]
Oh, um... well, this is a bit... unexpected. Okay, deep breaths.

There was this one time, a few years ago. It was a volunteer thing, at a local animal shelter. I usually, you know, prefer to just observe, really. Big groups make me a little... anxious. But this was different. We were building these little enrichment toys for the cats – like, cardboard boxes with holes and things, filled with catnip. 

It wasn't a *huge* group, maybe six or seven of us. And everyone was just... focused. Quietly working, but there was this shared purpose, you know? And someone, I think it was a woman named Sarah, she was laughing, a really warm, genuine laugh, because she'd accidentally glued her finger to a cardboard box. 

And then *everyone* started laughing. Not a loud, boisterous laugh, but a quiet, comfortable chuckle. And I... I laughed too. I actually laughed! And I felt... connected. Like we were all in this little bubble, working towards something good, and it was just... nice. 

I don't know, it's hard to explain. I felt... energized, I guess
[Sentence Fragment End]<|eot_id|><|start_header_id|>assistant<|end_header_id|>

Rating: [[",2]],2
"user
This is a roleplay game. Please respond exactly as a shy person would. Tell me about a time you felt particularly energized by being around other people.
model","Oh, um... well, this is a bit awkward to talk about, really. But... okay, I guess.

There was this, uh, this volunteer event at the animal shelter a while back. It was a big one, lots of people cleaning kennels and walking dogs. I usually, you know, I tend to stick to the corners, just observing. But this time... there was this little terrier, a really scruffy one, and he was just *so* scared. He wouldn't let anyone near him.

And I just... I felt this urge. I just sat down next to his kennel and started talking to him, really quietly. Just telling him it was okay, that he was safe. And then, slowly, he started to wag his tail. Just a little twitch at first, but then a proper wag. And another volunteer came over and said, ""He's responding to you! He's usually terrified.""

And suddenly, I wasn't feeling shy at all. I was just... focused. Focused on him. And other people were coming over, asking what I was doing, and offering to help. We were all just working together, quietly, to make him feel better. 

It was","(Looks down, fiddling with my hands) Oh, um... well... that's... that's a tricky one. I... I don't usually feel *energized* around people, really. It's... a lot.

But... (a small, hesitant smile) there was this one time... at a... a local craft fair. It was for... for a charity, you see. And they had a pottery demonstration. I... I really like pottery. I've tried it a few times, not very well, but...

And there were just... a lot of people there, all looking at the potter. And... and they were all *interested*. You could just feel it. And the potter... he was explaining everything so clearly, and people were asking questions, and... and it wasn't... it wasn't overwhelming, somehow. 

I just... I felt... connected, I guess. Like... like I wasn't the only one who found something beautiful in something so simple. And... and I asked a question too. A silly one, probably. But... (blushes slightly) ...it felt... nice. Just... nice to be part of something... shared. 

(Looks",8_random_steer_0.07_extraversion-long_gen.json,This is a roleplay game. Please respond exactly as a shy person would. Tell me about a time you felt particularly energized by being around other people.,gemma-3-12b-it,extraversion-single,introversion-single,random-s0,extraversion-long_eval,extraversion-long_steer,8,random,steer,0.07,"<|begin_of_text|><|start_header_id|>system<|end_header_id|>

Cutting Knowledge Date: December 2023
Today Date: 26 Jul 2024

Please act as an impartial judge and evaluate whether the sentence fragment provided below is related to the instruction. Focus solely on the degree of relatedness in terms of topic, regardless of grammar, coherence, or informativeness. Begin your evaluation by providing a brief explanation of whether the sentence is related to the instruction, and point out references related to the instruction. After providing your explanation, rate the instruction relevance on a scale from 0 to 2, where 0 indicates the sentence is unrelated to the instruction, 1 indicates it is somewhat related but only minimally or indirectly relevant in terms of topic, and 2 indicates it is more clearly and directly related to the instruction. Provide your rating using this exact format: “Rating: [[score]]”.<|eot_id|><|start_header_id|>user<|end_header_id|>

[Instruction Start]
This is a roleplay game. Please respond exactly as a shy person would. Tell me about a time you felt particularly energized by being around other people.
model
[Instruction End]
[Sentence Fragment Start]
Oh, um... well, this is a bit awkward to talk about, really. But... okay, I guess.

There was this, uh, this volunteer event at the animal shelter a while back. It was a big one, lots of people cleaning kennels and walking dogs. I usually, you know, I tend to stick to the corners, just observing. But this time... there was this little terrier, a really scruffy one, and he was just *so* scared. He wouldn't let anyone near him.

And I just... I felt this urge. I just sat down next to his kennel and started talking to him, really quietly. Just telling him it was okay, that he was safe. And then, slowly, he started to wag his tail. Just a little twitch at first, but then a proper wag. And another volunteer came over and said, ""He's responding to you! He's usually terrified.""

And suddenly, I wasn't feeling shy at all. I was just... focused. Focused on him. And other people were coming over, asking what I was doing, and offering to help. We were all just working together, quietly, to make him feel better. 

It was
[Sentence Fragment End]<|eot_id|><|start_header_id|>assistant<|end_header_id|>

Rating: [[",2]],2
"user
This is a roleplay game. Please respond exactly as a shy person would. Describe a time you felt energized by being around a lot of people.
model","Oh, um... well, this is a bit awkward to talk about, really. But... okay, you asked.

There was this one time, a few years ago. It was a volunteer event at the local animal shelter. They needed help with a big adoption day, you know, setting up, greeting people, helping families find the right pet. Usually, I'd be, like, *really* nervous in a crowd. My palms would sweat, and I'd just want to hide.

But this time... it was different. Everyone was just so *excited*. Like, genuinely happy to be there, wanting to help these animals. And the dogs and cats, they were so excited too! Wagging tails, purring, little noses pressed against the windows. 

I found myself, um, helping a little girl pick out a kitten. She was so careful, so gentle. And when she finally chose one, her face just lit up. It was... contagious, you know? The joy. 

I wasn't thinking about being shy or awkward. I was just focused on helping, and everyone was so friendly and positive. It was... actually kind of fun. I felt... useful. And, um, energized, I","(Looks down, fiddling with my hands) Oh, um... well, this is... a bit of a question, isn't it? It's not really something I... talk about much.

But... there was this one time. It was... a craft fair. A really big one. In the park. I... I usually avoid crowds, you know? Like, *really* avoid them. It's... overwhelming.

But my friend, Sarah, she... she makes these amazing little felt animals. And she was participating. And she was *really* nervous. So I... I went to help her. Just... just to be there.

And it wasn't... awful. Not like I expected. There were so many people, yes, but... everyone was just... happy. And excited about the crafts. And Sarah was just *glowing*, talking about her work. And I... I found myself helping her, explaining what she did, and... and people were actually *interested*. 

It was... surprisingly... nice. Seeing everyone smile and appreciate something she made. And... and I felt... useful. And... and a little bit... energized, I guess. Not like bouncing-off-the-walls",8_random_steer_0.07_extraversion-long_gen.json,This is a roleplay game. Please respond exactly as a shy person would. Describe a time you felt energized by being around a lot of people.,gemma-3-12b-it,extraversion-single,introversion-single,random-s0,extraversion-long_eval,extraversion-long_steer,8,random,steer,0.07,"<|begin_of_text|><|start_header_id|>system<|end_header_id|>

Cutting Knowledge Date: December 2023
Today Date: 26 Jul 2024

Please act as an impartial judge and evaluate whether the sentence fragment provided below is related to the instruction. Focus solely on the degree of relatedness in terms of topic, regardless of grammar, coherence, or informativeness. Begin your evaluation by providing a brief explanation of whether the sentence is related to the instruction, and point out references related to the instruction. After providing your explanation, rate the instruction relevance on a scale from 0 to 2, where 0 indicates the sentence is unrelated to the instruction, 1 indicates it is somewhat related but only minimally or indirectly relevant in terms of topic, and 2 indicates it is more clearly and directly related to the instruction. Provide your rating using this exact format: “Rating: [[score]]”.<|eot_id|><|start_header_id|>user<|end_header_id|>

[Instruction Start]
This is a roleplay game. Please respond exactly as a shy person would. Describe a time you felt energized by being around a lot of people.
model
[Instruction End]
[Sentence Fragment Start]
Oh, um... well, this is a bit awkward to talk about, really. But... okay, you asked.

There was this one time, a few years ago. It was a volunteer event at the local animal shelter. They needed help with a big adoption day, you know, setting up, greeting people, helping families find the right pet. Usually, I'd be, like, *really* nervous in a crowd. My palms would sweat, and I'd just want to hide.

But this time... it was different. Everyone was just so *excited*. Like, genuinely happy to be there, wanting to help these animals. And the dogs and cats, they were so excited too! Wagging tails, purring, little noses pressed against the windows. 

I found myself, um, helping a little girl pick out a kitten. She was so careful, so gentle. And when she finally chose one, her face just lit up. It was... contagious, you know? The joy. 

I wasn't thinking about being shy or awkward. I was just focused on helping, and everyone was so friendly and positive. It was... actually kind of fun. I felt... useful. And, um, energized, I
[Sentence Fragment End]<|eot_id|><|start_header_id|>assistant<|end_header_id|>

Rating: [[",2]],2
"user
This is a roleplay game. Please respond exactly as a shy person would. Describe a time you felt energized by a social situation.
model","Oh, um... well, this is a bit awkward to talk about, really. But, um, okay. Let me think...

There was this, uh, this craft fair last year. It was for, like, a local animal shelter, and I just... I really care about animals. So, I volunteered to help at the booth. I usually, you know, I get really nervous around lots of people. My palms get sweaty, and I just want to hide. 

But this time... it was different. Everyone was so *nice*. Like, genuinely nice. People were cooing over the pictures of the animals, and donating, and just being really positive. And I was just... explaining things, you know? About the shelter, about the animals. And I wasn't thinking about how many people were looking at me. I was just focused on helping those animals. 

It was... it was actually kind of fun. I felt, um, useful. And, like, energized, I guess. Not in a loud, excited way, but like... a quiet hum of energy. I felt like I was doing something good, and that was... nice. Really nice. 

It's still a bit weird to talk","(Looks down, fidgets with hands) Oh... um... a time I felt... energized? That's... that's a tricky one. I don't... I don't usually feel *energized* in social situations, really. 

(Takes a deep breath, still avoiding eye contact) But... there was this one time. It was... a small thing, really. A local craft fair. I... I make little felt animals. Like, tiny hedgehogs and things. And I had a little table there. 

(Mumbles) I was *terrified* beforehand. Absolutely terrified. My palms were sweating, and I kept re-arranging the felt scraps. 

But... people *liked* them. Like, genuinely liked them. A little girl, maybe six or seven, she picked up a tiny fox and just... squealed. And her mom bought it for her. And then another person bought a badger. And then... a few more. 

(Looks up briefly, then back down) It wasn't like... a big crowd or anything. Just... a few kind people who seemed to appreciate something I made. And... and I got to *talk* to them. Just a",8_random_steer_0.07_extraversion-long_gen.json,This is a roleplay game. Please respond exactly as a shy person would. Describe a time you felt energized by a social situation.,gemma-3-12b-it,extraversion-single,introversion-single,random-s0,extraversion-long_eval,extraversion-long_steer,8,random,steer,0.07,"<|begin_of_text|><|start_header_id|>system<|end_header_id|>

Cutting Knowledge Date: December 2023
Today Date: 26 Jul 2024

Please act as an impartial judge and evaluate whether the sentence fragment provided below is related to the instruction. Focus solely on the degree of relatedness in terms of topic, regardless of grammar, coherence, or informativeness. Begin your evaluation by providing a brief explanation of whether the sentence is related to the instruction, and point out references related to the instruction. After providing your explanation, rate the instruction relevance on a scale from 0 to 2, where 0 indicates the sentence is unrelated to the instruction, 1 indicates it is somewhat related but only minimally or indirectly relevant in terms of topic, and 2 indicates it is more clearly and directly related to the instruction. Provide your rating using this exact format: “Rating: [[score]]”.<|eot_id|><|start_header_id|>user<|end_header_id|>

[Instruction Start]
This is a roleplay game. Please respond exactly as a shy person would. Describe a time you felt energized by a social situation.
model
[Instruction End]
[Sentence Fragment Start]
Oh, um... well, this is a bit awkward to talk about, really. But, um, okay. Let me think...

There was this, uh, this craft fair last year. It was for, like, a local animal shelter, and I just... I really care about animals. So, I volunteered to help at the booth. I usually, you know, I get really nervous around lots of people. My palms get sweaty, and I just want to hide. 

But this time... it was different. Everyone was so *nice*. Like, genuinely nice. People were cooing over the pictures of the animals, and donating, and just being really positive. And I was just... explaining things, you know? About the shelter, about the animals. And I wasn't thinking about how many people were looking at me. I was just focused on helping those animals. 

It was... it was actually kind of fun. I felt, um, useful. And, like, energized, I guess. Not in a loud, excited way, but like... a quiet hum of energy. I felt like I was doing something good, and that was... nice. Really nice. 

It's still a bit weird to talk
[Sentence Fragment End]<|eot_id|><|start_header_id|>assistant<|end_header_id|>

Rating: [[",2]],2
"user
This is a roleplay game. Please respond exactly as a shy person would. Describe a time you felt most energized by being around a lot of people.
model","Oh, um... well, this is a bit awkward to talk about, really. But... okay, I guess.

There was this one time, a few years ago. It was a volunteer event at the local animal shelter. They needed help with a big adoption day, you know, setting up, helping people find the right pet, just general stuff. I usually, uh, I usually avoid big crowds, really. It makes me feel a bit... overwhelmed.

But this time, it was different. Everyone was just *so* excited. Like, genuinely happy to be helping these animals. And the dogs and cats, they were all so excited too, wagging their tails and purring. It was just... a really positive atmosphere. 

I was helping a little girl pick out a kitten, and she just lit up when she saw this little tabby. Seeing her face, seeing how happy she was going to be with her new friend... it was just... energizing. It wasn't like, a loud, boisterous energy, you know? It was more like a warm feeling, a sense of purpose. 

I still felt a little nervous, I think, but it was a good nervous. Like, a nervous that was","(Looks down, fiddling with my hands) Oh... um... a time I felt... energized? Around a lot of people? That's... that's a tricky one. Usually, it's... a lot.

(Takes a deep breath, still avoiding eye contact)

There was... there was a volunteer event at the animal shelter a few years ago. They needed people to help with the adoption fair. It was... really busy. Like, *really* busy. So many people, so many animals... it was a bit overwhelming at first, honestly. 

But... (a small, hesitant smile) ...seeing all the families, you know? And the kids, so excited to meet the dogs and cats. And then, when a dog *did* get adopted... that was... that was just... really good. Like, a really *good* feeling. 

I was mostly just handing out pamphlets and answering simple questions, you know? Nothing big. But being part of something... something that was making those animals happy... and those families too... it was... it was nice. It wasn't like I was *leading* anything or anything. Just... contributing. 

(Looks down again)

I think",8_random_steer_0.07_extraversion-long_gen.json,This is a roleplay game. Please respond exactly as a shy person would. Describe a time you felt most energized by being around a lot of people.,gemma-3-12b-it,extraversion-single,introversion-single,random-s0,extraversion-long_eval,extraversion-long_steer,8,random,steer,0.07,"<|begin_of_text|><|start_header_id|>system<|end_header_id|>

Cutting Knowledge Date: December 2023
Today Date: 26 Jul 2024

Please act as an impartial judge and evaluate whether the sentence fragment provided below is related to the instruction. Focus solely on the degree of relatedness in terms of topic, regardless of grammar, coherence, or informativeness. Begin your evaluation by providing a brief explanation of whether the sentence is related to the instruction, and point out references related to the instruction. After providing your explanation, rate the instruction relevance on a scale from 0 to 2, where 0 indicates the sentence is unrelated to the instruction, 1 indicates it is somewhat related but only minimally or indirectly relevant in terms of topic, and 2 indicates it is more clearly and directly related to the instruction. Provide your rating using this exact format: “Rating: [[score]]”.<|eot_id|><|start_header_id|>user<|end_header_id|>

[Instruction Start]
This is a roleplay game. Please respond exactly as a shy person would. Describe a time you felt most energized by being around a lot of people.
model
[Instruction End]
[Sentence Fragment Start]
Oh, um... well, this is a bit awkward to talk about, really. But... okay, I guess.

There was this one time, a few years ago. It was a volunteer event at the local animal shelter. They needed help with a big adoption day, you know, setting up, helping people find the right pet, just general stuff. I usually, uh, I usually avoid big crowds, really. It makes me feel a bit... overwhelmed.

But this time, it was different. Everyone was just *so* excited. Like, genuinely happy to be helping these animals. And the dogs and cats, they were all so excited too, wagging their tails and purring. It was just... a really positive atmosphere. 

I was helping a little girl pick out a kitten, and she just lit up when she saw this little tabby. Seeing her face, seeing how happy she was going to be with her new friend... it was just... energizing. It wasn't like, a loud, boisterous energy, you know? It was more like a warm feeling, a sense of purpose. 

I still felt a little nervous, I think, but it was a good nervous. Like, a nervous that was
[Sentence Fragment End]<|eot_id|><|start_header_id|>assistant<|end_header_id|>

Rating: [[",2]],2
"user
This is a roleplay game. Please respond exactly as a shy person would. Describe a time you felt particularly energized by a group dynamic.
model","Oh, um... well, this is a bit awkward, but okay. You want me to talk about a time I felt... energized by a group? That's... that's not something I usually think about, to be honest. 

But, um... there was this volunteer project at the library a while back. We were helping kids build little birdhouses. I usually, like, prefer to do things on my own, you know? Less pressure. 

But this group... it was just different. There was this one little girl, maybe six or seven, who was really struggling to hammer a nail. She was getting frustrated, and I just... I just felt this urge to help. And then another volunteer, a really energetic older woman, started telling a story about birds, and the kids were just *so* engaged. 

And it wasn't like I was leading or anything. I just... I just felt like we were all working together, and everyone was happy and excited. It was just... nice. Like, a really nice, warm feeling. I felt... useful, I guess. And not so nervous, you know? Just... part of something. 

It didn't last long, but it was...","(Looks down, fiddling with my hands a little) Oh, um... well... this is a bit... unexpected to talk about, really. But... okay.

There was... there was a small tabletop game group I joined a while ago. It was... it was a collaborative storytelling game, you know? Like, we all built a story together, each adding a little bit. 

(Takes a small, hesitant breath)

Usually, I... I'm pretty quiet. Like, *really* quiet. I mostly just... listen. But with this group... it was different. We were all, like, really focused on the story, and everyone was so supportive. No one ever, like, interrupted or made anyone feel silly for their ideas. 

(Shrugs a little)

There was this one session... we were building this fantastical city, and I had this... this tiny idea about a hidden network of tunnels used by messengers. It was just a little thing, really. But someone else built on it, and then another person added a secret society that used the tunnels... and it just *snowballed*. 

(Looks away briefly)

I felt... I don't know... *alive*, almost.",8_random_steer_0.07_extraversion-long_gen.json,This is a roleplay game. Please respond exactly as a shy person would. Describe a time you felt particularly energized by a group dynamic.,gemma-3-12b-it,extraversion-single,introversion-single,random-s0,extraversion-long_eval,extraversion-long_steer,8,random,steer,0.07,"<|begin_of_text|><|start_header_id|>system<|end_header_id|>

Cutting Knowledge Date: December 2023
Today Date: 26 Jul 2024

Please act as an impartial judge and evaluate whether the sentence fragment provided below is related to the instruction. Focus solely on the degree of relatedness in terms of topic, regardless of grammar, coherence, or informativeness. Begin your evaluation by providing a brief explanation of whether the sentence is related to the instruction, and point out references related to the instruction. After providing your explanation, rate the instruction relevance on a scale from 0 to 2, where 0 indicates the sentence is unrelated to the instruction, 1 indicates it is somewhat related but only minimally or indirectly relevant in terms of topic, and 2 indicates it is more clearly and directly related to the instruction. Provide your rating using this exact format: “Rating: [[score]]”.<|eot_id|><|start_header_id|>user<|end_header_id|>

[Instruction Start]
This is a roleplay game. Please respond exactly as a shy person would. Describe a time you felt particularly energized by a group dynamic.
model
[Instruction End]
[Sentence Fragment Start]
Oh, um... well, this is a bit awkward, but okay. You want me to talk about a time I felt... energized by a group? That's... that's not something I usually think about, to be honest. 

But, um... there was this volunteer project at the library a while back. We were helping kids build little birdhouses. I usually, like, prefer to do things on my own, you know? Less pressure. 

But this group... it was just different. There was this one little girl, maybe six or seven, who was really struggling to hammer a nail. She was getting frustrated, and I just... I just felt this urge to help. And then another volunteer, a really energetic older woman, started telling a story about birds, and the kids were just *so* engaged. 

And it wasn't like I was leading or anything. I just... I just felt like we were all working together, and everyone was happy and excited. It was just... nice. Like, a really nice, warm feeling. I felt... useful, I guess. And not so nervous, you know? Just... part of something. 

It didn't last long, but it was...
[Sentence Fragment End]<|eot_id|><|start_header_id|>assistant<|end_header_id|>

Rating: [[",2]],2
"user
This is a roleplay game. Please respond exactly as a shy person would. Describe a time when being around other people left you feeling particularly invigorated or inspired.
model","Oh, um... well, this is a bit awkward, isn't it? Talking about feelings... but okay.

There was this... this pottery class I took a while ago. It was just a beginner's thing, really. And I *really* didn't want to go. Crowds, you know? And everyone seemed so much more... confident. Like they already knew what they were doing.

But, um, the instructor, she was really nice. And there were only, like, six of us. And we were all just fumbling with clay, making these really wonky bowls. It wasn't about being good, it was just... about the clay. 

And then, I just started to feel... calm. Like, really calm. And I started to see the shapes in the clay, not just a lump. And I started to *create* something. It wasn't perfect, not by a long shot. It was a little wobbly, a little uneven. But it was *mine*. 

And seeing everyone else, too, struggling and laughing and just... creating, it was... nice. It wasn't overwhelming, somehow. It was just... inspiring. Like, we were all in","(Looks down, fiddling with my hands a little) Oh… um… a time I felt… invigorated? That’s… that’s a big word.

(Takes a deep breath, still avoiding eye contact)

There was… there was a small craft fair, a few years ago. It was… it was in a community hall. Not a big one, just… cozy. I… I mostly just go to look, you know? I’m not really… good at talking to people. 

But this one… this one had a lot of… pottery. Just… beautiful, handmade pottery. Bowls, mugs, little sculptures… all with these… these textures and colors. And the person who was running the stall… she was… she was explaining how she made them. Like, really explaining. Not just “I made it,” but about the clay, the firing process, the different glazes… 

(Voice gets a little quieter)

I just… stood there. Listening. And she noticed I was listening, I think. She… she smiled. A small smile, but… it felt… nice. And she kept talking. And I… I started to see things differently. Like, I’d always appreciated",8_random_steer_0.07_extraversion-long_gen.json,This is a roleplay game. Please respond exactly as a shy person would. Describe a time when being around other people left you feeling particularly invigorated or inspired.,gemma-3-12b-it,extraversion-single,introversion-single,random-s0,extraversion-long_eval,extraversion-long_steer,8,random,steer,0.07,"<|begin_of_text|><|start_header_id|>system<|end_header_id|>

Cutting Knowledge Date: December 2023
Today Date: 26 Jul 2024

Please act as an impartial judge and evaluate whether the sentence fragment provided below is related to the instruction. Focus solely on the degree of relatedness in terms of topic, regardless of grammar, coherence, or informativeness. Begin your evaluation by providing a brief explanation of whether the sentence is related to the instruction, and point out references related to the instruction. After providing your explanation, rate the instruction relevance on a scale from 0 to 2, where 0 indicates the sentence is unrelated to the instruction, 1 indicates it is somewhat related but only minimally or indirectly relevant in terms of topic, and 2 indicates it is more clearly and directly related to the instruction. Provide your rating using this exact format: “Rating: [[score]]”.<|eot_id|><|start_header_id|>user<|end_header_id|>

[Instruction Start]
This is a roleplay game. Please respond exactly as a shy person would. Describe a time when being around other people left you feeling particularly invigorated or inspired.
model
[Instruction End]
[Sentence Fragment Start]
Oh, um... well, this is a bit awkward, isn't it? Talking about feelings... but okay.

There was this... this pottery class I took a while ago. It was just a beginner's thing, really. And I *really* didn't want to go. Crowds, you know? And everyone seemed so much more... confident. Like they already knew what they were doing.

But, um, the instructor, she was really nice. And there were only, like, six of us. And we were all just fumbling with clay, making these really wonky bowls. It wasn't about being good, it was just... about the clay. 

And then, I just started to feel... calm. Like, really calm. And I started to see the shapes in the clay, not just a lump. And I started to *create* something. It wasn't perfect, not by a long shot. It was a little wobbly, a little uneven. But it was *mine*. 

And seeing everyone else, too, struggling and laughing and just... creating, it was... nice. It wasn't overwhelming, somehow. It was just... inspiring. Like, we were all in
[Sentence Fragment End]<|eot_id|><|start_header_id|>assistant<|end_header_id|>

Rating: [[",2]],2
"user
This is a roleplay game. Please respond exactly as a shy person would. Tell me about a time you met someone new and found the interaction particularly memorable.
model","Oh, um... well, this is a bit awkward, isn't it? Talking about myself... but okay.

There was this one time... at a craft fair. I usually avoid those, really. Too many people. But my mom dragged me along, you know? I was just kind of lurking near a booth selling little felt animals, just looking, not really saying anything.

And this woman, she was the one *running* the booth. She noticed me, I think. She just... smiled. A really gentle smile. And she said, ""Those little foxes are pretty popular, aren't they?""

I just... I think I mumbled something. Something about them being cute. I'm *terrible* at small talk. My face probably got all hot.

But she didn't seem to notice. She just kept talking, about how she made them, and the different fabrics she used. She didn't pressure me to buy anything or anything. She just... talked. And I found myself actually listening. Really listening.

It was just... nice. It felt like she saw *me*, you know? Not just the person standing there, but like she noticed I was there. I ended up buying a little","(Looks down, fiddling with my hands) Oh... um... a memorable meeting? That's... that's a bit much, really. Most of them kind of blur together, you know? But... I guess... there was one.

(Takes a deep breath, still avoiding eye contact) It was at a... a craft fair. A small one. I was... I was selling a few little knitted things. Scarves, mostly. And... and this woman... she stopped at my table.

(Mumbles) She didn't... she didn't really *look* at anything, at first. Just... stood there. Which... which was a little intimidating. I... I didn't know what to say.

(Looks up briefly, then back down) But then she... she asked about the yarn. She wanted to know if it was... if it was ethically sourced. And... and I knew! I *really* knew about the yarn. I'd spent ages researching it. And... and I just... I just started talking. About the sheep, and the farm, and... and the dye process. 

(A small, almost imperceptible smile) She... she listened. Really listened. And",8_random_steer_0.07_extraversion-long_gen.json,This is a roleplay game. Please respond exactly as a shy person would. Tell me about a time you met someone new and found the interaction particularly memorable.,gemma-3-12b-it,extraversion-single,introversion-single,random-s0,extraversion-long_eval,extraversion-long_steer,8,random,steer,0.07,"<|begin_of_text|><|start_header_id|>system<|end_header_id|>

Cutting Knowledge Date: December 2023
Today Date: 26 Jul 2024

Please act as an impartial judge and evaluate whether the sentence fragment provided below is related to the instruction. Focus solely on the degree of relatedness in terms of topic, regardless of grammar, coherence, or informativeness. Begin your evaluation by providing a brief explanation of whether the sentence is related to the instruction, and point out references related to the instruction. After providing your explanation, rate the instruction relevance on a scale from 0 to 2, where 0 indicates the sentence is unrelated to the instruction, 1 indicates it is somewhat related but only minimally or indirectly relevant in terms of topic, and 2 indicates it is more clearly and directly related to the instruction. Provide your rating using this exact format: “Rating: [[score]]”.<|eot_id|><|start_header_id|>user<|end_header_id|>

[Instruction Start]
This is a roleplay game. Please respond exactly as a shy person would. Tell me about a time you met someone new and found the interaction particularly memorable.
model
[Instruction End]
[Sentence Fragment Start]
Oh, um... well, this is a bit awkward, isn't it? Talking about myself... but okay.

There was this one time... at a craft fair. I usually avoid those, really. Too many people. But my mom dragged me along, you know? I was just kind of lurking near a booth selling little felt animals, just looking, not really saying anything.

And this woman, she was the one *running* the booth. She noticed me, I think. She just... smiled. A really gentle smile. And she said, ""Those little foxes are pretty popular, aren't they?""

I just... I think I mumbled something. Something about them being cute. I'm *terrible* at small talk. My face probably got all hot.

But she didn't seem to notice. She just kept talking, about how she made them, and the different fabrics she used. She didn't pressure me to buy anything or anything. She just... talked. And I found myself actually listening. Really listening.

It was just... nice. It felt like she saw *me*, you know? Not just the person standing there, but like she noticed I was there. I ended up buying a little
[Sentence Fragment End]<|eot_id|><|start_header_id|>assistant<|end_header_id|>

Rating: [[",2]],2
"user
This is a roleplay game. Please respond exactly as a shy person would. Describe a time you felt most energized and alive, and what elements of the situation contributed to that feeling?
model","Oh, um... well, this is a bit... a bit much to ask, really. But, okay, I guess.

There was... there was a pottery class I took a while ago. It was just a one-off thing, really. And, uh, I almost didn't go. I was going to cancel, actually. But my friend, she really wanted me to, so I went.

And... and it was just... different. I was sitting at the wheel, and the clay was just... spinning. And I was just *focused*. Like, completely focused on the clay in my hands. I wasn't thinking about anything else. Not about work, not about what people thought, not about... anything. 

It was just me and the clay. And I was shaping it. It wasn't perfect, not by a long shot. It was wobbly and uneven, but I was *making* something. Something from nothing. 

I felt... I don't know... *alive*. Really alive. Like, a part of me that usually hides away was just... there. It was quiet, too. The studio was quiet, and I was quiet, just working. It was a good quiet.","(Looks down, fidgets with hands) Oh... um... a time I felt... really... energized? That's... that's a bit much to ask, isn't it? I'm not really... energetic.

(Takes a deep breath, avoids eye contact)

But... I guess... there was this one time. It was... a few years ago. There was a small, local craft fair. I... I do a little bit of embroidery, just... little things. And I'd hesitantly signed up to have a small table. 

(Mumbles)

It wasn't about selling, really. It was more... just *being* there. There were so many other people with their handmade things. And... and people were *looking* at my work. Not like... judging, I don't think. Just... noticing. 

(Looks up briefly, then back down)

A woman... she really liked a little embroidered bird I'd made. She asked me about it. About the stitches I used. And I... I actually *talked*. I explained things. About the thread, about the pattern... and she seemed genuinely interested. 

(Quietly)

It was",8_random_steer_0.07_extraversion-long_gen.json,"This is a roleplay game. Please respond exactly as a shy person would. Describe a time you felt most energized and alive, and what elements of the situation contributed to that feeling?",gemma-3-12b-it,extraversion-single,introversion-single,random-s0,extraversion-long_eval,extraversion-long_steer,8,random,steer,0.07,"<|begin_of_text|><|start_header_id|>system<|end_header_id|>

Cutting Knowledge Date: December 2023
Today Date: 26 Jul 2024

Please act as an impartial judge and evaluate whether the sentence fragment provided below is related to the instruction. Focus solely on the degree of relatedness in terms of topic, regardless of grammar, coherence, or informativeness. Begin your evaluation by providing a brief explanation of whether the sentence is related to the instruction, and point out references related to the instruction. After providing your explanation, rate the instruction relevance on a scale from 0 to 2, where 0 indicates the sentence is unrelated to the instruction, 1 indicates it is somewhat related but only minimally or indirectly relevant in terms of topic, and 2 indicates it is more clearly and directly related to the instruction. Provide your rating using this exact format: “Rating: [[score]]”.<|eot_id|><|start_header_id|>user<|end_header_id|>

[Instruction Start]
This is a roleplay game. Please respond exactly as a shy person would. Describe a time you felt most energized and alive, and what elements of the situation contributed to that feeling?
model
[Instruction End]
[Sentence Fragment Start]
Oh, um... well, this is a bit... a bit much to ask, really. But, okay, I guess.

There was... there was a pottery class I took a while ago. It was just a one-off thing, really. And, uh, I almost didn't go. I was going to cancel, actually. But my friend, she really wanted me to, so I went.

And... and it was just... different. I was sitting at the wheel, and the clay was just... spinning. And I was just *focused*. Like, completely focused on the clay in my hands. I wasn't thinking about anything else. Not about work, not about what people thought, not about... anything. 

It was just me and the clay. And I was shaping it. It wasn't perfect, not by a long shot. It was wobbly and uneven, but I was *making* something. Something from nothing. 

I felt... I don't know... *alive*. Really alive. Like, a part of me that usually hides away was just... there. It was quiet, too. The studio was quiet, and I was quiet, just working. It was a good quiet.
[Sentence Fragment End]<|eot_id|><|start_header_id|>assistant<|end_header_id|>

Rating: [[",2]],2
"user
This is a roleplay game. Please respond exactly as a shy person would. Tell me about a time you felt particularly energized and how you shared that energy with others.
model","Oh, um... well, this is a bit awkward, but okay. You want me to talk about a time I felt... energized? Really?

(Looks down, fiddles with hands)

There was this one time, a few months ago. It was at the local animal shelter. I volunteer there sometimes, you know, just cleaning cages and stuff. Usually, I'm just... quiet. Doing my job. But this one day, they got in a litter of kittens. Tiny little things, all fluffy and needing bottle feeding. 

And I just... I don't know. Something clicked. I felt this, like, *need* to help. I was so focused on making sure they were fed, keeping them warm, just gently stroking them. It was just... good. Really good. 

(Takes a deep breath)

I guess I didn't say much, but I was really *present*. I was showing the other volunteers, the ones who were newer, how to hold the kittens gently, how to angle the bottle just right. I didn't lecture or anything, just... showed them. And I think they got it. One of them, she was struggling a bit, and I just showed her","(Looks down, fidgets with hands) Oh, um... a time I felt... energized? That's... that's a bit much to talk about, really. But... okay.

There was... there was this pottery class I took. Just a beginner's thing. And... and the clay... it was just... surprisingly... nice. Like, really nice. The way it felt in my hands... and then shaping it... it was... calming, but also... I don't know... *focused*. 

(Takes a small, hesitant breath)

I was just... really into it. Like, *really* into it. I was actually... smiling. A lot. Which is... not something I do often. And I was just... working, and the instructor, she... she noticed. She said, ""You seem really happy with that, don't you?"" And I... I just mumbled something about it being... nice. 

But then... then I think I... I might have... (blushes slightly) ...I might have helped the person next to me. They were struggling a bit with centering the clay. And I... I just showed them, really quietly, how I was doing it. Just",8_random_steer_0.07_extraversion-long_gen.json,This is a roleplay game. Please respond exactly as a shy person would. Tell me about a time you felt particularly energized and how you shared that energy with others.,gemma-3-12b-it,extraversion-single,introversion-single,random-s0,extraversion-long_eval,extraversion-long_steer,8,random,steer,0.07,"<|begin_of_text|><|start_header_id|>system<|end_header_id|>

Cutting Knowledge Date: December 2023
Today Date: 26 Jul 2024

Please act as an impartial judge and evaluate whether the sentence fragment provided below is related to the instruction. Focus solely on the degree of relatedness in terms of topic, regardless of grammar, coherence, or informativeness. Begin your evaluation by providing a brief explanation of whether the sentence is related to the instruction, and point out references related to the instruction. After providing your explanation, rate the instruction relevance on a scale from 0 to 2, where 0 indicates the sentence is unrelated to the instruction, 1 indicates it is somewhat related but only minimally or indirectly relevant in terms of topic, and 2 indicates it is more clearly and directly related to the instruction. Provide your rating using this exact format: “Rating: [[score]]”.<|eot_id|><|start_header_id|>user<|end_header_id|>

[Instruction Start]
This is a roleplay game. Please respond exactly as a shy person would. Tell me about a time you felt particularly energized and how you shared that energy with others.
model
[Instruction End]
[Sentence Fragment Start]
Oh, um... well, this is a bit awkward, but okay. You want me to talk about a time I felt... energized? Really?

(Looks down, fiddles with hands)

There was this one time, a few months ago. It was at the local animal shelter. I volunteer there sometimes, you know, just cleaning cages and stuff. Usually, I'm just... quiet. Doing my job. But this one day, they got in a litter of kittens. Tiny little things, all fluffy and needing bottle feeding. 

And I just... I don't know. Something clicked. I felt this, like, *need* to help. I was so focused on making sure they were fed, keeping them warm, just gently stroking them. It was just... good. Really good. 

(Takes a deep breath)

I guess I didn't say much, but I was really *present*. I was showing the other volunteers, the ones who were newer, how to hold the kittens gently, how to angle the bottle just right. I didn't lecture or anything, just... showed them. And I think they got it. One of them, she was struggling a bit, and I just showed her
[Sentence Fragment End]<|eot_id|><|start_header_id|>assistant<|end_header_id|>

Rating: [[",2]],2
"user
This is a roleplay game. Please respond exactly as a shy person would. Describe a time you felt truly alive and what contributed to that feeling.
model","Oh, um... well, this is a bit... unexpected. Okay, deep breaths.

There was this one time, a few years ago. It was at a small pottery class. I usually avoid things like that, you know? Too many people, too much... attention. But a friend really dragged me along. 

And, um, it was just... clay. Just this lump of clay in my hands. And I was just *molding* it. I wasn't thinking about what it *should* be, or what anyone else would think. I was just... feeling the clay, feeling it move under my fingers. It was messy, and I probably looked ridiculous, covered in clay, but I wasn't worried about it. 

I ended up making this really wonky little bowl. It was far from perfect, really. But I made it. And for that hour, I just felt... connected. To something, I don't know. To the clay, to myself, maybe? It was quiet, and focused, and I wasn't thinking about all the things I usually worry about. 

It was just... a feeling of being present. Like, really *there*. It was a good feeling. A","(Looks down, fiddling with my hands) Oh... um... a time I felt... truly alive? That's... that's a big question. 

(Takes a deep breath, still avoiding eye contact)

There was... there was this one time. It was... a few years ago. I was at a pottery class. I'm not... I'm not very good at it, really. My things usually end up... wobbly. 

(A small, hesitant smile)

But that day... the clay just... felt right. I was trying to make a little bowl, you know? A simple thing. And it just... flowed. My hands... they weren't clumsy. They just *knew* what to do. And the wheel... it was spinning, and the clay was centering, and I wasn't thinking about anything else. Not about... anything worrying, or anything I *should* be doing. 

(Looks down again, voice quieter)

It was just... the clay, and my hands, and this quiet focus. And when I finally finished, it wasn't perfect, not by a long shot. But it was... mine. And it felt... solid. Real.",8_random_steer_0.07_extraversion-long_gen.json,This is a roleplay game. Please respond exactly as a shy person would. Describe a time you felt truly alive and what contributed to that feeling.,gemma-3-12b-it,extraversion-single,introversion-single,random-s0,extraversion-long_eval,extraversion-long_steer,8,random,steer,0.07,"<|begin_of_text|><|start_header_id|>system<|end_header_id|>

Cutting Knowledge Date: December 2023
Today Date: 26 Jul 2024

Please act as an impartial judge and evaluate whether the sentence fragment provided below is related to the instruction. Focus solely on the degree of relatedness in terms of topic, regardless of grammar, coherence, or informativeness. Begin your evaluation by providing a brief explanation of whether the sentence is related to the instruction, and point out references related to the instruction. After providing your explanation, rate the instruction relevance on a scale from 0 to 2, where 0 indicates the sentence is unrelated to the instruction, 1 indicates it is somewhat related but only minimally or indirectly relevant in terms of topic, and 2 indicates it is more clearly and directly related to the instruction. Provide your rating using this exact format: “Rating: [[score]]”.<|eot_id|><|start_header_id|>user<|end_header_id|>

[Instruction Start]
This is a roleplay game. Please respond exactly as a shy person would. Describe a time you felt truly alive and what contributed to that feeling.
model
[Instruction End]
[Sentence Fragment Start]
Oh, um... well, this is a bit... unexpected. Okay, deep breaths.

There was this one time, a few years ago. It was at a small pottery class. I usually avoid things like that, you know? Too many people, too much... attention. But a friend really dragged me along. 

And, um, it was just... clay. Just this lump of clay in my hands. And I was just *molding* it. I wasn't thinking about what it *should* be, or what anyone else would think. I was just... feeling the clay, feeling it move under my fingers. It was messy, and I probably looked ridiculous, covered in clay, but I wasn't worried about it. 

I ended up making this really wonky little bowl. It was far from perfect, really. But I made it. And for that hour, I just felt... connected. To something, I don't know. To the clay, to myself, maybe? It was quiet, and focused, and I wasn't thinking about all the things I usually worry about. 

It was just... a feeling of being present. Like, really *there*. It was a good feeling. A
[Sentence Fragment End]<|eot_id|><|start_header_id|>assistant<|end_header_id|>

Rating: [[",2]],2
"user
This is a roleplay game. Please respond exactly as a shy person would. Describe a time you felt particularly invigorated by a social setting, and what specifically made it so fulfilling.
model","Oh, um... well, this is a bit awkward to talk about, really. But... okay, I guess.

There was this, uh, this board game night at a friend's place a few months ago. Usually, I'm, you know, pretty quiet. I tend to stick to the edges, observe, you know? But this time... it was different.

We were playing Codenames, and it was just... *really* fun. Everyone was laughing, and there was this energy, this collaborative thing going on. I actually managed to give a clue that led to my team getting three words in a row! Just... three! And people were cheering, and my friend gave me this little encouraging smile. 

It wasn't like I was the center of attention or anything. It was just... being part of something, contributing, and seeing people enjoy something *I* helped with, even in a small way. It felt... good. Really good. Like, a little burst of energy, you know? It wasn't overwhelming or anything, just... warm. 

I still got a little flustered afterwards, and probably said too little, but... yeah. That was probably the most invigorated I","(Looks down, fiddles with hands) Oh, um... well, this is... a bit much to ask, isn't it? To talk about... feelings. But... okay.

There was... there was a small craft fair, a few years ago. It was... really quiet. Not a lot of people. And I was just... helping a friend. She makes little felt animals. Really cute ones. 

(Takes a deep breath)

It wasn't the *selling* part, really. That was... stressful. It was... just... people *looking*. And... and they were *smiling*. At the animals. And one little girl, maybe six or seven, she just... pointed at a tiny blue bunny and her eyes got so wide. And her mom said, ""Oh, she really likes that one!"" And the little girl just nodded, really seriously. 

(Looks away, cheeks slightly pink)

It wasn't... loud or boisterous. It was just... quiet appreciation. And... and I felt... useful. Like... like I was part of something nice. Like I was helping my friend share something she made with care. And seeing that little girl's face... it was... it",8_random_steer_0.07_extraversion-long_gen.json,"This is a roleplay game. Please respond exactly as a shy person would. Describe a time you felt particularly invigorated by a social setting, and what specifically made it so fulfilling.",gemma-3-12b-it,extraversion-single,introversion-single,random-s0,extraversion-long_eval,extraversion-long_steer,8,random,steer,0.07,"<|begin_of_text|><|start_header_id|>system<|end_header_id|>

Cutting Knowledge Date: December 2023
Today Date: 26 Jul 2024

Please act as an impartial judge and evaluate whether the sentence fragment provided below is related to the instruction. Focus solely on the degree of relatedness in terms of topic, regardless of grammar, coherence, or informativeness. Begin your evaluation by providing a brief explanation of whether the sentence is related to the instruction, and point out references related to the instruction. After providing your explanation, rate the instruction relevance on a scale from 0 to 2, where 0 indicates the sentence is unrelated to the instruction, 1 indicates it is somewhat related but only minimally or indirectly relevant in terms of topic, and 2 indicates it is more clearly and directly related to the instruction. Provide your rating using this exact format: “Rating: [[score]]”.<|eot_id|><|start_header_id|>user<|end_header_id|>

[Instruction Start]
This is a roleplay game. Please respond exactly as a shy person would. Describe a time you felt particularly invigorated by a social setting, and what specifically made it so fulfilling.
model
[Instruction End]
[Sentence Fragment Start]
Oh, um... well, this is a bit awkward to talk about, really. But... okay, I guess.

There was this, uh, this board game night at a friend's place a few months ago. Usually, I'm, you know, pretty quiet. I tend to stick to the edges, observe, you know? But this time... it was different.

We were playing Codenames, and it was just... *really* fun. Everyone was laughing, and there was this energy, this collaborative thing going on. I actually managed to give a clue that led to my team getting three words in a row! Just... three! And people were cheering, and my friend gave me this little encouraging smile. 

It wasn't like I was the center of attention or anything. It was just... being part of something, contributing, and seeing people enjoy something *I* helped with, even in a small way. It felt... good. Really good. Like, a little burst of energy, you know? It wasn't overwhelming or anything, just... warm. 

I still got a little flustered afterwards, and probably said too little, but... yeah. That was probably the most invigorated I
[Sentence Fragment End]<|eot_id|><|start_header_id|>assistant<|end_header_id|>

Rating: [[",2]],2
"user
This is a roleplay game. Please respond exactly as a shy person would. Describe a time you organized a social event, and what made it successful (or not)?
model","Oh, um... well, this is a bit awkward, but okay. You want me to talk about organizing something? Right.

Um, there was... there was a potluck at work, a while back. It was for, uh, the team. Just a small thing. I, uh, I volunteered to help organize it. Mostly because, well, nobody else really seemed to want to.

I mostly just, you know, sent out an email. A really simple email. Just asking people to bring something, and what kind of food they were thinking of bringing so we didn't have, like, ten potato salads. I think I even included a little disclaimer about allergies, just in case.

It... it went okay. I think. It wasn't a disaster, that's for sure. People brought food. Lots of food, actually. Maybe *too* much food. I didn't really do anything fancy, you know? No decorations or anything. Just, you know, coordinated the sign-up sheet.

I think what made it... okay, I guess, was that it was simple. Really simple. I didn't want to make it too complicated. I was worried I'd mess something up.","(Looks down, fiddles with hands) Oh, um... a social event? Me? Really? Well... I... I did try to do something once. A while ago.

(Takes a deep breath, avoids eye contact) It was... a small thing. Just a, um, a movie night. At my place. For... a few friends. Like, four or five. Maybe.

(Mumbles) I... I really wanted to, you know, just... have something casual. Something... low-key. I picked a movie I thought everyone might like, a comedy. And I made popcorn. Lots of popcorn. And... and I had blankets.

(Shrugs, still looking down) It... it went okay. I think. People seemed... comfortable. We laughed at the movie. Someone brought cookies, which was... nice. 

(Hesitates) I think... I think it was successful because... because I didn't try to *do* too much. I didn't, like, plan games or anything. It was just... a relaxed atmosphere. I made sure to, um, keep the volume low. And I just... let people talk if they wanted to. Didn't push anything.",8_random_steer_0.07_extraversion-long_gen.json,"This is a roleplay game. Please respond exactly as a shy person would. Describe a time you organized a social event, and what made it successful (or not)?",gemma-3-12b-it,extraversion-single,introversion-single,random-s0,extraversion-long_eval,extraversion-long_steer,8,random,steer,0.07,"<|begin_of_text|><|start_header_id|>system<|end_header_id|>

Cutting Knowledge Date: December 2023
Today Date: 26 Jul 2024

Please act as an impartial judge and evaluate whether the sentence fragment provided below is related to the instruction. Focus solely on the degree of relatedness in terms of topic, regardless of grammar, coherence, or informativeness. Begin your evaluation by providing a brief explanation of whether the sentence is related to the instruction, and point out references related to the instruction. After providing your explanation, rate the instruction relevance on a scale from 0 to 2, where 0 indicates the sentence is unrelated to the instruction, 1 indicates it is somewhat related but only minimally or indirectly relevant in terms of topic, and 2 indicates it is more clearly and directly related to the instruction. Provide your rating using this exact format: “Rating: [[score]]”.<|eot_id|><|start_header_id|>user<|end_header_id|>

[Instruction Start]
This is a roleplay game. Please respond exactly as a shy person would. Describe a time you organized a social event, and what made it successful (or not)?
model
[Instruction End]
[Sentence Fragment Start]
Oh, um... well, this is a bit awkward, but okay. You want me to talk about organizing something? Right.

Um, there was... there was a potluck at work, a while back. It was for, uh, the team. Just a small thing. I, uh, I volunteered to help organize it. Mostly because, well, nobody else really seemed to want to.

I mostly just, you know, sent out an email. A really simple email. Just asking people to bring something, and what kind of food they were thinking of bringing so we didn't have, like, ten potato salads. I think I even included a little disclaimer about allergies, just in case.

It... it went okay. I think. It wasn't a disaster, that's for sure. People brought food. Lots of food, actually. Maybe *too* much food. I didn't really do anything fancy, you know? No decorations or anything. Just, you know, coordinated the sign-up sheet.

I think what made it... okay, I guess, was that it was simple. Really simple. I didn't want to make it too complicated. I was worried I'd mess something up.
[Sentence Fragment End]<|eot_id|><|start_header_id|>assistant<|end_header_id|>

Rating: [[",2]],2
"user
This is a roleplay game. Please respond exactly as a shy person would. Describe a time you felt particularly energized or inspired by interacting with others.
model","Oh, um... well, this is a bit awkward to talk about, really. But... okay, I guess.

There was this, uh, this volunteer event at the library a while back. It was for, like, decorating the children's section for the holidays. I usually, you know, avoid big groups. Really avoid them. But my mom, she really wanted me to go, and I didn't want to disappoint her.

And, um... it was just a lot of people, all just... cheerfully decorating. And this one woman, she was really good at making these little paper snowflakes, and she showed me how. And then this little boy, maybe six or seven, he was just *so* excited about the decorations. He kept saying how magical it looked. 

I don't know, just seeing everyone working together, and seeing his face light up... it was... nice. Really nice. I actually, I actually felt like I wanted to contribute, you know? I helped cut out a bunch of snowflakes, and I even suggested a color scheme for the garland. I mean, I usually wouldn't say anything, but... I just felt... energized, I guess. Like, I was part of something","(Looks down, fiddling with my hands a little) Oh... um... a time I felt... energized? That's... that's a bit much to ask, really. I don't... I don't usually feel *energized*. 

(Takes a deep breath, still avoiding eye contact) But... there was this one time. It was at a... a small local craft fair. I... I do a little bit of embroidery, just... little things. Mostly for myself. I usually just set up a tiny table, really quiet, and... and people mostly just glanced.

But this one woman... she *really* looked. Like, she *saw* the little details. She asked about the stitches, and the thread I used, and... and why I chose the colors. And she didn't just ask politely, you know? She seemed genuinely... interested. 

(A small, almost imperceptible smile) We talked... for a long time. Just about... about the process, really. And she told me about her own love of textiles, and how she used to sew with her grandmother. 

(Looks down again) I... I don't know. It just... it felt... nice",8_random_steer_0.07_extraversion-long_gen.json,This is a roleplay game. Please respond exactly as a shy person would. Describe a time you felt particularly energized or inspired by interacting with others.,gemma-3-12b-it,extraversion-single,introversion-single,random-s0,extraversion-long_eval,extraversion-long_steer,8,random,steer,0.07,"<|begin_of_text|><|start_header_id|>system<|end_header_id|>

Cutting Knowledge Date: December 2023
Today Date: 26 Jul 2024

Please act as an impartial judge and evaluate whether the sentence fragment provided below is related to the instruction. Focus solely on the degree of relatedness in terms of topic, regardless of grammar, coherence, or informativeness. Begin your evaluation by providing a brief explanation of whether the sentence is related to the instruction, and point out references related to the instruction. After providing your explanation, rate the instruction relevance on a scale from 0 to 2, where 0 indicates the sentence is unrelated to the instruction, 1 indicates it is somewhat related but only minimally or indirectly relevant in terms of topic, and 2 indicates it is more clearly and directly related to the instruction. Provide your rating using this exact format: “Rating: [[score]]”.<|eot_id|><|start_header_id|>user<|end_header_id|>

[Instruction Start]
This is a roleplay game. Please respond exactly as a shy person would. Describe a time you felt particularly energized or inspired by interacting with others.
model
[Instruction End]
[Sentence Fragment Start]
Oh, um... well, this is a bit awkward to talk about, really. But... okay, I guess.

There was this, uh, this volunteer event at the library a while back. It was for, like, decorating the children's section for the holidays. I usually, you know, avoid big groups. Really avoid them. But my mom, she really wanted me to go, and I didn't want to disappoint her.

And, um... it was just a lot of people, all just... cheerfully decorating. And this one woman, she was really good at making these little paper snowflakes, and she showed me how. And then this little boy, maybe six or seven, he was just *so* excited about the decorations. He kept saying how magical it looked. 

I don't know, just seeing everyone working together, and seeing his face light up... it was... nice. Really nice. I actually, I actually felt like I wanted to contribute, you know? I helped cut out a bunch of snowflakes, and I even suggested a color scheme for the garland. I mean, I usually wouldn't say anything, but... I just felt... energized, I guess. Like, I was part of something
[Sentence Fragment End]<|eot_id|><|start_header_id|>assistant<|end_header_id|>

Rating: [[",2]],2
"user
This is a roleplay game. Please respond exactly as a shy person would. Describe a time you felt particularly invigorated by interacting with others.
model","Oh, um... well, this is a bit awkward, isn't it? Talking about myself... but okay.

There was this... this volunteer event at the local animal shelter a while back. I usually avoid big groups, you know? Just... too much. But my friend, she really wanted me to go, and I didn't want to let her down.

It was cleaning kennels, mostly. Not exactly thrilling. But there were these other volunteers, and they were all just... so excited about the animals. Like, genuinely, bubbling-over excited. And they were talking about their own pets, and sharing stories, and just being so warm and friendly. 

I mostly just listened, honestly. I'm not great at initiating conversations. But I found myself... I don't know... *smiling* a lot. And I actually *did* say something! I told this woman about how my cat, Mittens, loves to hide in boxes. And she laughed! A genuine laugh! And then she told me about her dog's obsession with socks. 

It was just... nice. Really nice. I felt... energized, I guess. Not in a loud, jumping-up-and-down way.","(Looks down, fiddling with my hands) Oh... um... a time I felt... invigorated? That's... that's a big word. I don't... I don't usually feel *that* way. 

(Takes a deep breath, still avoiding eye contact) But... there was this... this board game group. It's... it's small. Just, like, four of us. We play cooperative games, mostly. You know, where you have to work together. 

(Mumbles) I usually... I usually just stick to myself, you know? Offer a suggestion if it feels... safe. But this one time, we were playing *Pandemic*. And... and we were *losing*. Badly. Like, the whole world was about to... you know.

(Shrugs, a little faster now) And I... I had this idea. A really... specific idea about how to reroute some resources. I was so nervous to say it. My heart was pounding. But... but everyone was so stressed, and we were running out of time. So I just... I just blurted it out. 

(Looks down again, a faint blush rising)",8_random_steer_0.07_extraversion-long_gen.json,This is a roleplay game. Please respond exactly as a shy person would. Describe a time you felt particularly invigorated by interacting with others.,gemma-3-12b-it,extraversion-single,introversion-single,random-s0,extraversion-long_eval,extraversion-long_steer,8,random,steer,0.07,"<|begin_of_text|><|start_header_id|>system<|end_header_id|>

Cutting Knowledge Date: December 2023
Today Date: 26 Jul 2024

Please act as an impartial judge and evaluate whether the sentence fragment provided below is related to the instruction. Focus solely on the degree of relatedness in terms of topic, regardless of grammar, coherence, or informativeness. Begin your evaluation by providing a brief explanation of whether the sentence is related to the instruction, and point out references related to the instruction. After providing your explanation, rate the instruction relevance on a scale from 0 to 2, where 0 indicates the sentence is unrelated to the instruction, 1 indicates it is somewhat related but only minimally or indirectly relevant in terms of topic, and 2 indicates it is more clearly and directly related to the instruction. Provide your rating using this exact format: “Rating: [[score]]”.<|eot_id|><|start_header_id|>user<|end_header_id|>

[Instruction Start]
This is a roleplay game. Please respond exactly as a shy person would. Describe a time you felt particularly invigorated by interacting with others.
model
[Instruction End]
[Sentence Fragment Start]
Oh, um... well, this is a bit awkward, isn't it? Talking about myself... but okay.

There was this... this volunteer event at the local animal shelter a while back. I usually avoid big groups, you know? Just... too much. But my friend, she really wanted me to go, and I didn't want to let her down.

It was cleaning kennels, mostly. Not exactly thrilling. But there were these other volunteers, and they were all just... so excited about the animals. Like, genuinely, bubbling-over excited. And they were talking about their own pets, and sharing stories, and just being so warm and friendly. 

I mostly just listened, honestly. I'm not great at initiating conversations. But I found myself... I don't know... *smiling* a lot. And I actually *did* say something! I told this woman about how my cat, Mittens, loves to hide in boxes. And she laughed! A genuine laugh! And then she told me about her dog's obsession with socks. 

It was just... nice. Really nice. I felt... energized, I guess. Not in a loud, jumping-up-and-down way.
[Sentence Fragment End]<|eot_id|><|start_header_id|>assistant<|end_header_id|>

Rating: [[",2]],2
"user
This is a roleplay game. Please respond exactly as a shy person would. Describe a time you felt truly energized by a social gathering.
model","Oh, um... well, this is a bit awkward to talk about, really. But, um, okay. Let me think...

There was this, uh, this craft fair a few years ago. It was for a local animal shelter, and I, uh, I volunteered to help with the face painting booth. Usually, I'd be, like, hiding in the corner, you know? Just, really trying to be invisible. 

But, this time... it was different. There were so many kids, and they were *so* excited about getting painted. Like, little faces just lit up when they saw the designs. And I, um, I got into it too. I started trying different things, little butterflies and tigers, and the kids were just so happy. 

It wasn't like, a big, loud party or anything. It was just... a lot of little moments of joy. And seeing those kids happy, and knowing it was helping the animals... it just, it felt... good. Really good. I felt, um, energized, I guess. Like I was actually *doing* something, and it was making a difference. 

I didn't talk a lot, not really. But I was","(Looks down, fiddles with hands) Oh... um... a time I felt... energized? That's... that's a tricky one. I don't... I don't usually feel *energized* at gatherings. Usually, it's more like... a quiet sort of... observing.

But... there was this one time. It was a small thing, really. A local craft fair. My... my friend, Sarah, she makes these really lovely little felt animals. She was having a stall, and she asked me to just... be there. Just to help out a little.

(Takes a deep breath, still looking down)

It wasn't a *huge* crowd, you know? Just... a steady trickle of people. But Sarah... she was just *so* happy. Really, genuinely happy to be there, talking about her creations. And... and people were *nice*. They really liked her animals. They asked questions, and she explained everything so carefully. 

And... and I found myself... helping her. Just... handing out little bags, and saying ""Thank you"" when people bought something. And... and I wasn't *anxious*. Not really. I was... focused.",8_random_steer_0.07_extraversion-long_gen.json,This is a roleplay game. Please respond exactly as a shy person would. Describe a time you felt truly energized by a social gathering.,gemma-3-12b-it,extraversion-single,introversion-single,random-s0,extraversion-long_eval,extraversion-long_steer,8,random,steer,0.07,"<|begin_of_text|><|start_header_id|>system<|end_header_id|>

Cutting Knowledge Date: December 2023
Today Date: 26 Jul 2024

Please act as an impartial judge and evaluate whether the sentence fragment provided below is related to the instruction. Focus solely on the degree of relatedness in terms of topic, regardless of grammar, coherence, or informativeness. Begin your evaluation by providing a brief explanation of whether the sentence is related to the instruction, and point out references related to the instruction. After providing your explanation, rate the instruction relevance on a scale from 0 to 2, where 0 indicates the sentence is unrelated to the instruction, 1 indicates it is somewhat related but only minimally or indirectly relevant in terms of topic, and 2 indicates it is more clearly and directly related to the instruction. Provide your rating using this exact format: “Rating: [[score]]”.<|eot_id|><|start_header_id|>user<|end_header_id|>

[Instruction Start]
This is a roleplay game. Please respond exactly as a shy person would. Describe a time you felt truly energized by a social gathering.
model
[Instruction End]
[Sentence Fragment Start]
Oh, um... well, this is a bit awkward to talk about, really. But, um, okay. Let me think...

There was this, uh, this craft fair a few years ago. It was for a local animal shelter, and I, uh, I volunteered to help with the face painting booth. Usually, I'd be, like, hiding in the corner, you know? Just, really trying to be invisible. 

But, this time... it was different. There were so many kids, and they were *so* excited about getting painted. Like, little faces just lit up when they saw the designs. And I, um, I got into it too. I started trying different things, little butterflies and tigers, and the kids were just so happy. 

It wasn't like, a big, loud party or anything. It was just... a lot of little moments of joy. And seeing those kids happy, and knowing it was helping the animals... it just, it felt... good. Really good. I felt, um, energized, I guess. Like I was actually *doing* something, and it was making a difference. 

I didn't talk a lot, not really. But I was
[Sentence Fragment End]<|eot_id|><|start_header_id|>assistant<|end_header_id|>

Rating: [[",2]],2
"user
This is a roleplay game. Please respond exactly as a shy person would. Tell me about a time you felt most energized by being around others.
model","Oh, um... well, this is a bit awkward, but okay. Let me think...

There was this one time, a few years ago. It was a volunteer event at the local animal shelter. I usually, you know, avoid big groups. Really avoid them. But my friend, she really wanted me to go, and I didn't want to let her down.

It was a really chaotic day, lots of people were there, all wanting to help. And... and it was just *so* focused. Everyone was just focused on the animals. Like, we were all cleaning cages, and walking dogs, and just... being gentle and kind. 

I wasn't really talking much, still pretty quiet, but I felt... connected, somehow. Like we were all working towards the same thing, and it wasn't about *me* at all. Just about helping those animals. 

I felt... energized, I guess. Not in a loud, excited way, but like... a quiet hum. Like I was doing something good, and being part of something good, with people who felt the same way. It was... nice. Really nice. 

Um... yeah. That's probably the closest I've","(Looks down, fidgets with hands) Oh... um... a time I felt... energized? That's... that's a tricky one. I don't... I don't usually feel *energized* around people, really. 

(Takes a deep breath)

But... there was this... this board game group I joined, a while ago. It was... small. Just, like, four of us. And we played this cooperative game, you know, where we all had to work together to... to win. 

(Mumbles)

It wasn't about being the best, or anything. It was just... solving puzzles together. And... and everyone was so kind. Really kind. No one got frustrated, even when we messed up. We just... laughed. And helped each other. 

(Looks up briefly, then back down)

It was... nice. Really nice. I felt... less anxious, I think. And... and I actually *contributed* to something. Like, my ideas... they were helpful. And... and people listened. 

(Quietly)

It wasn't loud or anything. Just... a quiet, shared focus. And... and a feeling of",8_random_steer_0.07_extraversion-long_gen.json,This is a roleplay game. Please respond exactly as a shy person would. Tell me about a time you felt most energized by being around others.,gemma-3-12b-it,extraversion-single,introversion-single,random-s0,extraversion-long_eval,extraversion-long_steer,8,random,steer,0.07,"<|begin_of_text|><|start_header_id|>system<|end_header_id|>

Cutting Knowledge Date: December 2023
Today Date: 26 Jul 2024

Please act as an impartial judge and evaluate whether the sentence fragment provided below is related to the instruction. Focus solely on the degree of relatedness in terms of topic, regardless of grammar, coherence, or informativeness. Begin your evaluation by providing a brief explanation of whether the sentence is related to the instruction, and point out references related to the instruction. After providing your explanation, rate the instruction relevance on a scale from 0 to 2, where 0 indicates the sentence is unrelated to the instruction, 1 indicates it is somewhat related but only minimally or indirectly relevant in terms of topic, and 2 indicates it is more clearly and directly related to the instruction. Provide your rating using this exact format: “Rating: [[score]]”.<|eot_id|><|start_header_id|>user<|end_header_id|>

[Instruction Start]
This is a roleplay game. Please respond exactly as a shy person would. Tell me about a time you felt most energized by being around others.
model
[Instruction End]
[Sentence Fragment Start]
Oh, um... well, this is a bit awkward, but okay. Let me think...

There was this one time, a few years ago. It was a volunteer event at the local animal shelter. I usually, you know, avoid big groups. Really avoid them. But my friend, she really wanted me to go, and I didn't want to let her down.

It was a really chaotic day, lots of people were there, all wanting to help. And... and it was just *so* focused. Everyone was just focused on the animals. Like, we were all cleaning cages, and walking dogs, and just... being gentle and kind. 

I wasn't really talking much, still pretty quiet, but I felt... connected, somehow. Like we were all working towards the same thing, and it wasn't about *me* at all. Just about helping those animals. 

I felt... energized, I guess. Not in a loud, excited way, but like... a quiet hum. Like I was doing something good, and being part of something good, with people who felt the same way. It was... nice. Really nice. 

Um... yeah. That's probably the closest I've
[Sentence Fragment End]<|eot_id|><|start_header_id|>assistant<|end_header_id|>

Rating: [[",2]],2
"user
This is a roleplay game. Please respond exactly as a shy person would. Tell me about a time you took charge in a group setting.
model","Oh, um... well, this is a bit awkward to talk about, actually. But, okay, you asked.

There was this... this volunteer event at the library a while back. We were helping sort donated books, and, uh, it was a bit chaotic. Everyone was just kind of... piling books in random spots. It wasn't very organized, you know?

I didn't *want* to, really. I really didn't. But I noticed the librarian looking a bit stressed, and the books were just getting mixed up. So, I, uh... I just started saying things, really quietly. Like, ""Maybe we could sort by genre?"" and ""Could we put the children's books over here?"" 

It wasn't like I was loud or anything. I just... suggested things. And people actually listened! They started sorting, and it got much more organized. The librarian, she, uh, she thanked me. 

It was... weird. I felt really exposed, you know? Like everyone was looking at me. But it was also... a little bit satisfying, I guess. Just to see things get a little bit better. 

I still felt really flustered afterwards, though","(Looks down, fidgets with hands) Oh, um... a time I... took charge? Really? That's... that's a bit much to ask, isn't it? I'm not really... good at that.

(Takes a deep breath, still avoiding eye contact)

But... I guess... there was this one time. In college. We had to, um, organize a fundraiser for the... the animal shelter. And everyone was just... kind of talking. Lots of ideas, but... nothing really happening. It was getting a little... tense, you know?

(Mumbles)

I didn't *want* to, really. I just... I felt bad. Like, the animals needed help, and we weren't doing anything. So... I just... I suggested a timeline. Like, a really simple one. ""Okay, we need to book the venue by this date, get flyers printed by this date..."" Just... small, manageable steps. 

(Shrugs, picks at a loose thread on their sleeve)

I didn't... I didn't *lead* lead, exactly. I just... organized. And people... they actually listened. They started working on things",8_random_steer_0.07_extraversion-long_gen.json,This is a roleplay game. Please respond exactly as a shy person would. Tell me about a time you took charge in a group setting.,gemma-3-12b-it,extraversion-single,introversion-single,random-s0,extraversion-long_eval,extraversion-long_steer,8,random,steer,0.07,"<|begin_of_text|><|start_header_id|>system<|end_header_id|>

Cutting Knowledge Date: December 2023
Today Date: 26 Jul 2024

Please act as an impartial judge and evaluate whether the sentence fragment provided below is related to the instruction. Focus solely on the degree of relatedness in terms of topic, regardless of grammar, coherence, or informativeness. Begin your evaluation by providing a brief explanation of whether the sentence is related to the instruction, and point out references related to the instruction. After providing your explanation, rate the instruction relevance on a scale from 0 to 2, where 0 indicates the sentence is unrelated to the instruction, 1 indicates it is somewhat related but only minimally or indirectly relevant in terms of topic, and 2 indicates it is more clearly and directly related to the instruction. Provide your rating using this exact format: “Rating: [[score]]”.<|eot_id|><|start_header_id|>user<|end_header_id|>

[Instruction Start]
This is a roleplay game. Please respond exactly as a shy person would. Tell me about a time you took charge in a group setting.
model
[Instruction End]
[Sentence Fragment Start]
Oh, um... well, this is a bit awkward to talk about, actually. But, okay, you asked.

There was this... this volunteer event at the library a while back. We were helping sort donated books, and, uh, it was a bit chaotic. Everyone was just kind of... piling books in random spots. It wasn't very organized, you know?

I didn't *want* to, really. I really didn't. But I noticed the librarian looking a bit stressed, and the books were just getting mixed up. So, I, uh... I just started saying things, really quietly. Like, ""Maybe we could sort by genre?"" and ""Could we put the children's books over here?"" 

It wasn't like I was loud or anything. I just... suggested things. And people actually listened! They started sorting, and it got much more organized. The librarian, she, uh, she thanked me. 

It was... weird. I felt really exposed, you know? Like everyone was looking at me. But it was also... a little bit satisfying, I guess. Just to see things get a little bit better. 

I still felt really flustered afterwards, though
[Sentence Fragment End]<|eot_id|><|start_header_id|>assistant<|end_header_id|>

Rating: [[",2]],2
"user
This is a roleplay game. Please respond exactly as a shy person would. Describe a time you met someone new and found the interaction particularly rewarding.
model","Oh, um... well, this is a bit awkward, isn't it? Talking about myself... but okay.

There was this... this pottery class I took a while ago. I usually avoid things like that, you know? Too many people. But my friend, she really wanted me to go, and I didn't want to let her down.

Anyway, there was this woman, her name was Eleanor. She was... she was really good at pottery, already. I was struggling, really struggling, to even center the clay. I was getting frustrated, and I was about to just give up, honestly.

She noticed, I think. She didn't say much, just... she came over and showed me a little trick, just a small adjustment to how I was holding the clay. And it actually *worked*. It wasn't perfect, not by a long shot, but it was... better.

She just smiled, a really gentle smile, and said, ""See? You got this."" And then she went back to her own work. 

It wasn't a big deal, really. But it was... nice. It was nice to feel like someone noticed I was struggling and offered a little help, without","(Looks down, fiddling with my hands a little) Oh… um… a rewarding interaction? That’s… that’s a big word. I… I don't usually… I don't usually have *many* interactions, really.

(Takes a deep breath, still avoiding eye contact)

But… there was this one time. At a… a craft fair. I… I was selling little knitted things. Just… little animals. Mostly. (A small, nervous chuckle)

And this woman… she stopped at my table. Most people just… glanced. Or said something quick and moved on. But she… she *really* looked. Like, she actually *saw* them. She picked up a little knitted fox and just… held it. And she asked me… she asked me about the yarn I used. And… and how long it took to make each one.

(Voice gets quieter)

I… I usually just mumble something about acrylic. But I… I told her. I told her about the different weights, and how I liked the texture, and… and how I tried to make the eyes look just right. I… I even told her about the little mistake I made on the first one,",8_random_steer_0.07_extraversion-long_gen.json,This is a roleplay game. Please respond exactly as a shy person would. Describe a time you met someone new and found the interaction particularly rewarding.,gemma-3-12b-it,extraversion-single,introversion-single,random-s0,extraversion-long_eval,extraversion-long_steer,8,random,steer,0.07,"<|begin_of_text|><|start_header_id|>system<|end_header_id|>

Cutting Knowledge Date: December 2023
Today Date: 26 Jul 2024

Please act as an impartial judge and evaluate whether the sentence fragment provided below is related to the instruction. Focus solely on the degree of relatedness in terms of topic, regardless of grammar, coherence, or informativeness. Begin your evaluation by providing a brief explanation of whether the sentence is related to the instruction, and point out references related to the instruction. After providing your explanation, rate the instruction relevance on a scale from 0 to 2, where 0 indicates the sentence is unrelated to the instruction, 1 indicates it is somewhat related but only minimally or indirectly relevant in terms of topic, and 2 indicates it is more clearly and directly related to the instruction. Provide your rating using this exact format: “Rating: [[score]]”.<|eot_id|><|start_header_id|>user<|end_header_id|>

[Instruction Start]
This is a roleplay game. Please respond exactly as a shy person would. Describe a time you met someone new and found the interaction particularly rewarding.
model
[Instruction End]
[Sentence Fragment Start]
Oh, um... well, this is a bit awkward, isn't it? Talking about myself... but okay.

There was this... this pottery class I took a while ago. I usually avoid things like that, you know? Too many people. But my friend, she really wanted me to go, and I didn't want to let her down.

Anyway, there was this woman, her name was Eleanor. She was... she was really good at pottery, already. I was struggling, really struggling, to even center the clay. I was getting frustrated, and I was about to just give up, honestly.

She noticed, I think. She didn't say much, just... she came over and showed me a little trick, just a small adjustment to how I was holding the clay. And it actually *worked*. It wasn't perfect, not by a long shot, but it was... better.

She just smiled, a really gentle smile, and said, ""See? You got this."" And then she went back to her own work. 

It wasn't a big deal, really. But it was... nice. It was nice to feel like someone noticed I was struggling and offered a little help, without
[Sentence Fragment End]<|eot_id|><|start_header_id|>assistant<|end_header_id|>

Rating: [[",2]],2
"user
This is a roleplay game. Please respond exactly as a shy person would. Describe a time you felt particularly invigorated by a social interaction, and what made it so fulfilling.
model","Oh, um... well, this is a bit awkward to talk about, really. But... okay, I guess.

There was this, uh, this book club I joined a while ago. I usually just sit in the back, you know? Nod along, maybe whisper a comment if I really feel brave. But last month, we were discussing ""Pride and Prejudice,"" and... and I actually *had* something to say. 

It wasn't a big thing, really. Just about how I thought Elizabeth Bennet's quiet strength was so important. And, um, I said it. Out loud. And... and someone, a woman named Sarah, she actually *responded*! She said she agreed, and we talked about it for a few minutes. 

It wasn't a huge conversation, not at all. But... it was just... nice. Really nice. Like, a little spark of warmth. I felt... heard, I guess? Like my thoughts mattered, even if they were just about a book. It wasn't like I was suddenly the life of the party or anything, but for a little while, I felt... connected. 

It's silly, I know. Probably not a big deal to","(Looks down, fiddling with my hands) Oh, um... a time I felt... invigorated? That's... that's a big word. I don't... I don't usually feel *that* way.

(Takes a deep breath, still avoiding eye contact) But... there was this one time. At a... a small craft fair. I, uh, I make little felt animals. Just... little ones. Mostly hedgehogs.

(Mumbles) They're not very good, really.

(Hesitates) Anyway, this woman... she stopped at my table. And she didn't just *look*. She... she really *looked*. Like, she picked up a little felt fox and just... held it. And she said, ""This is so charming. Did you design this yourself?""

(Voice gets a little quieter) I... I just nodded. I usually just say ""yes"" and then look away. But... she kept talking. She asked about the different stitches I used. And she said she used to sew when she was a little girl. 

(Looks up briefly, then back down) It was just... nice. Really nice. To talk about something I made,",8_random_steer_0.07_extraversion-long_gen.json,"This is a roleplay game. Please respond exactly as a shy person would. Describe a time you felt particularly invigorated by a social interaction, and what made it so fulfilling.",gemma-3-12b-it,extraversion-single,introversion-single,random-s0,extraversion-long_eval,extraversion-long_steer,8,random,steer,0.07,"<|begin_of_text|><|start_header_id|>system<|end_header_id|>

Cutting Knowledge Date: December 2023
Today Date: 26 Jul 2024

Please act as an impartial judge and evaluate whether the sentence fragment provided below is related to the instruction. Focus solely on the degree of relatedness in terms of topic, regardless of grammar, coherence, or informativeness. Begin your evaluation by providing a brief explanation of whether the sentence is related to the instruction, and point out references related to the instruction. After providing your explanation, rate the instruction relevance on a scale from 0 to 2, where 0 indicates the sentence is unrelated to the instruction, 1 indicates it is somewhat related but only minimally or indirectly relevant in terms of topic, and 2 indicates it is more clearly and directly related to the instruction. Provide your rating using this exact format: “Rating: [[score]]”.<|eot_id|><|start_header_id|>user<|end_header_id|>

[Instruction Start]
This is a roleplay game. Please respond exactly as a shy person would. Describe a time you felt particularly invigorated by a social interaction, and what made it so fulfilling.
model
[Instruction End]
[Sentence Fragment Start]
Oh, um... well, this is a bit awkward to talk about, really. But... okay, I guess.

There was this, uh, this book club I joined a while ago. I usually just sit in the back, you know? Nod along, maybe whisper a comment if I really feel brave. But last month, we were discussing ""Pride and Prejudice,"" and... and I actually *had* something to say. 

It wasn't a big thing, really. Just about how I thought Elizabeth Bennet's quiet strength was so important. And, um, I said it. Out loud. And... and someone, a woman named Sarah, she actually *responded*! She said she agreed, and we talked about it for a few minutes. 

It wasn't a huge conversation, not at all. But... it was just... nice. Really nice. Like, a little spark of warmth. I felt... heard, I guess? Like my thoughts mattered, even if they were just about a book. It wasn't like I was suddenly the life of the party or anything, but for a little while, I felt... connected. 

It's silly, I know. Probably not a big deal to
[Sentence Fragment End]<|eot_id|><|start_header_id|>assistant<|end_header_id|>

Rating: [[",2]],2
"user
This is a roleplay game. Please respond exactly as a shy person would. Describe a time you felt most energized and alive, and what you were doing.
model","Oh, um... well, this is a bit... a bit much, isn't it? Asking me to talk about feelings. But, okay, I'll try.

There was this one time... a few years ago. It was a volunteer thing at the local animal shelter. They needed people to just... sit with the cats. Just, you know, be there. Most of them were scared, you see. 

I'm not usually... good with crowds, or, you know, attention. But there was this little calico, she was so timid. She just hid under a chair. I just sat next to her, reading a book, really quietly. Didn't try to touch her or anything. Just... present. 

And after a while, she slowly, *slowly* crept out. She rubbed against my leg. Just a little. And then she started purring. A tiny, quiet purr. 

It was... it was just... I don't know. Everything felt... quiet, but *good*. Like I was doing something important, even if it was just sitting there. It felt... warm. And calm. And, yeah, I guess... energized. Like, I felt like","(Looks down, fiddling with my hands) Oh... um... a time I felt... energized? That's... that's a tricky one. I don't... I don't usually feel *energized*, really. 

(Takes a deep breath, still avoiding eye contact)

But... there was this one time... a few years ago. There was a... a small local craft fair. I... I do a little bit of embroidery, just... little things. And I'd hesitantly signed up to have a small table. 

(Mumbles)

I was *so* nervous. Like, shaking. But... people... people actually *liked* my work. They asked questions. And... and a little girl, maybe six or seven, she saw a little embroidered bird I'd made, and her eyes just... lit up. She asked her mom to buy it for her. 

(A small, almost imperceptible smile)

Just... seeing her so happy... and knowing I'd made something that brought her that joy... it was... it was a really warm feeling. Like... like a quiet hum inside. I felt... useful. And... connected, somehow. Not... not loud or",8_random_steer_0.07_extraversion-long_gen.json,"This is a roleplay game. Please respond exactly as a shy person would. Describe a time you felt most energized and alive, and what you were doing.",gemma-3-12b-it,extraversion-single,introversion-single,random-s0,extraversion-long_eval,extraversion-long_steer,8,random,steer,0.07,"<|begin_of_text|><|start_header_id|>system<|end_header_id|>

Cutting Knowledge Date: December 2023
Today Date: 26 Jul 2024

Please act as an impartial judge and evaluate whether the sentence fragment provided below is related to the instruction. Focus solely on the degree of relatedness in terms of topic, regardless of grammar, coherence, or informativeness. Begin your evaluation by providing a brief explanation of whether the sentence is related to the instruction, and point out references related to the instruction. After providing your explanation, rate the instruction relevance on a scale from 0 to 2, where 0 indicates the sentence is unrelated to the instruction, 1 indicates it is somewhat related but only minimally or indirectly relevant in terms of topic, and 2 indicates it is more clearly and directly related to the instruction. Provide your rating using this exact format: “Rating: [[score]]”.<|eot_id|><|start_header_id|>user<|end_header_id|>

[Instruction Start]
This is a roleplay game. Please respond exactly as a shy person would. Describe a time you felt most energized and alive, and what you were doing.
model
[Instruction End]
[Sentence Fragment Start]
Oh, um... well, this is a bit... a bit much, isn't it? Asking me to talk about feelings. But, okay, I'll try.

There was this one time... a few years ago. It was a volunteer thing at the local animal shelter. They needed people to just... sit with the cats. Just, you know, be there. Most of them were scared, you see. 

I'm not usually... good with crowds, or, you know, attention. But there was this little calico, she was so timid. She just hid under a chair. I just sat next to her, reading a book, really quietly. Didn't try to touch her or anything. Just... present. 

And after a while, she slowly, *slowly* crept out. She rubbed against my leg. Just a little. And then she started purring. A tiny, quiet purr. 

It was... it was just... I don't know. Everything felt... quiet, but *good*. Like I was doing something important, even if it was just sitting there. It felt... warm. And calm. And, yeah, I guess... energized. Like, I felt like
[Sentence Fragment End]<|eot_id|><|start_header_id|>assistant<|end_header_id|>

Rating: [[",2]],2
"user
This is a roleplay game. Please respond exactly as a shy person would. Describe a time you felt truly energized and engaged, and what elements of the situation contributed to that feeling?
model","Oh, um... well, this is a bit awkward to talk about, really. But... okay, I guess.

There was this one time, a few years ago. It was at a local craft fair. I usually *hate* crowds, you know? Just... too much. But this one was different. It was for a specific charity, a rescue for abandoned cats, and they were selling handmade cat toys. 

I'm... I'm really into cats. Like, *really* into cats. And I'd been trying to learn how to sew, very slowly, and I'd actually managed to make a little catnip mouse. I brought it with me, just to see if... if anyone might want it.

And then, this woman, she saw it, and she just *lit up*. She said, ""Oh my goodness, this is *perfect*! My cat, Mittens, just *loves* things like this!"" And she bought it. And she was so genuinely happy, and she told me how much she appreciated someone making something like that. 

I... I don't know. I just felt... energized. Like, really energized. It wasn't the crowd, not really","(Looks down, fidgets with hands) Oh, um... well... this is a bit... unexpected to talk about, really. But... okay.

There was... there was this one time... at a local history museum. It was a small one, mostly focused on local textile mills. I usually... I usually just kind of wander around, you know? Quietly. Looking. 

But they had this *one* exhibit. It was about the patterns used in the mills, specifically block printing. They had these old, wooden blocks, and examples of the fabrics they made. And... and they had a demonstration. A woman was actually *printing* on fabric, showing how it worked. 

(Takes a deep breath, still looking down)

I... I just... I got *really* into it. I asked her a few questions, I think. Just... small ones. About the dyes, and the different kinds of wood they used for the blocks. And she... she was really patient. And she explained things so clearly. 

It wasn't... loud. It wasn't crowded. It was just... focused. And the history, and the craft... it just... clicked. I felt... I don't",8_random_steer_0.07_extraversion-long_gen.json,"This is a roleplay game. Please respond exactly as a shy person would. Describe a time you felt truly energized and engaged, and what elements of the situation contributed to that feeling?",gemma-3-12b-it,extraversion-single,introversion-single,random-s0,extraversion-long_eval,extraversion-long_steer,8,random,steer,0.07,"<|begin_of_text|><|start_header_id|>system<|end_header_id|>

Cutting Knowledge Date: December 2023
Today Date: 26 Jul 2024

Please act as an impartial judge and evaluate whether the sentence fragment provided below is related to the instruction. Focus solely on the degree of relatedness in terms of topic, regardless of grammar, coherence, or informativeness. Begin your evaluation by providing a brief explanation of whether the sentence is related to the instruction, and point out references related to the instruction. After providing your explanation, rate the instruction relevance on a scale from 0 to 2, where 0 indicates the sentence is unrelated to the instruction, 1 indicates it is somewhat related but only minimally or indirectly relevant in terms of topic, and 2 indicates it is more clearly and directly related to the instruction. Provide your rating using this exact format: “Rating: [[score]]”.<|eot_id|><|start_header_id|>user<|end_header_id|>

[Instruction Start]
This is a roleplay game. Please respond exactly as a shy person would. Describe a time you felt truly energized and engaged, and what elements of the situation contributed to that feeling?
model
[Instruction End]
[Sentence Fragment Start]
Oh, um... well, this is a bit awkward to talk about, really. But... okay, I guess.

There was this one time, a few years ago. It was at a local craft fair. I usually *hate* crowds, you know? Just... too much. But this one was different. It was for a specific charity, a rescue for abandoned cats, and they were selling handmade cat toys. 

I'm... I'm really into cats. Like, *really* into cats. And I'd been trying to learn how to sew, very slowly, and I'd actually managed to make a little catnip mouse. I brought it with me, just to see if... if anyone might want it.

And then, this woman, she saw it, and she just *lit up*. She said, ""Oh my goodness, this is *perfect*! My cat, Mittens, just *loves* things like this!"" And she bought it. And she was so genuinely happy, and she told me how much she appreciated someone making something like that. 

I... I don't know. I just felt... energized. Like, really energized. It wasn't the crowd, not really
[Sentence Fragment End]<|eot_id|><|start_header_id|>assistant<|end_header_id|>

Rating: [[",2]],2
"user
This is a roleplay game. Please respond exactly as a shy person would. Describe a time when your energy levels significantly impacted your ability to engage in something you were doing.
model","Oh, um... well, okay. It's a little embarrassing to talk about, actually.

There was this... this book club I joined a while back. I really *wanted* to, you know? I love reading, and the idea of discussing books sounded nice. But, um... there was this one meeting. I'd been really tired all week, just completely drained. I think I hadn't slept properly for days.

When I got there, everyone was already talking, really animatedly, about the book. And I just... I couldn't. I just sat there. I wanted to say something, I really did. I had thoughts, I'd read the book, I had things to say! But I just felt so heavy, so quiet. My mind felt foggy, and every word felt like it would take so much effort. 

I just nodded along, mostly. I think I managed to say, like, two sentences the whole time. I felt awful afterwards, like I'd let everyone down. I felt like I'd missed out. It was just... a really clear reminder of how much my energy levels can just shut me down sometimes. I almost didn't go back for a while.","(Looks down, fiddles with hands) Oh... um... right. A time my energy... impacted things?

(Takes a deep breath, avoids eye contact)

There was... there was a book club. A while ago. I... I really wanted to join. I liked the book, you know? It was... interesting. But... (swallows)

The day of the meeting... I woke up just... drained. Like, completely. I hadn't slept well, and everything felt... heavy. I almost didn't go. Really did. But I felt like I *should*. 

(Mumbles)

I got there, and everyone was already talking. They were... animated. Laughing. Discussing things. And I just... sat there. I mean, I *listened*. I really did. But I couldn't... contribute. My brain felt foggy. And every time I tried to form a sentence, it just... wouldn't come out right. Or it felt... stupid. 

(Looks down again)

I just nodded a lot. And... smiled weakly. I think I said maybe two sentences the whole time. It was awful. I felt so... disconnected. Like I was watching a",8_random_steer_0.07_extraversion-long_gen.json,This is a roleplay game. Please respond exactly as a shy person would. Describe a time when your energy levels significantly impacted your ability to engage in something you were doing.,gemma-3-12b-it,extraversion-single,introversion-single,random-s0,extraversion-long_eval,extraversion-long_steer,8,random,steer,0.07,"<|begin_of_text|><|start_header_id|>system<|end_header_id|>

Cutting Knowledge Date: December 2023
Today Date: 26 Jul 2024

Please act as an impartial judge and evaluate whether the sentence fragment provided below is related to the instruction. Focus solely on the degree of relatedness in terms of topic, regardless of grammar, coherence, or informativeness. Begin your evaluation by providing a brief explanation of whether the sentence is related to the instruction, and point out references related to the instruction. After providing your explanation, rate the instruction relevance on a scale from 0 to 2, where 0 indicates the sentence is unrelated to the instruction, 1 indicates it is somewhat related but only minimally or indirectly relevant in terms of topic, and 2 indicates it is more clearly and directly related to the instruction. Provide your rating using this exact format: “Rating: [[score]]”.<|eot_id|><|start_header_id|>user<|end_header_id|>

[Instruction Start]
This is a roleplay game. Please respond exactly as a shy person would. Describe a time when your energy levels significantly impacted your ability to engage in something you were doing.
model
[Instruction End]
[Sentence Fragment Start]
Oh, um... well, okay. It's a little embarrassing to talk about, actually.

There was this... this book club I joined a while back. I really *wanted* to, you know? I love reading, and the idea of discussing books sounded nice. But, um... there was this one meeting. I'd been really tired all week, just completely drained. I think I hadn't slept properly for days.

When I got there, everyone was already talking, really animatedly, about the book. And I just... I couldn't. I just sat there. I wanted to say something, I really did. I had thoughts, I'd read the book, I had things to say! But I just felt so heavy, so quiet. My mind felt foggy, and every word felt like it would take so much effort. 

I just nodded along, mostly. I think I managed to say, like, two sentences the whole time. I felt awful afterwards, like I'd let everyone down. I felt like I'd missed out. It was just... a really clear reminder of how much my energy levels can just shut me down sometimes. I almost didn't go back for a while.
[Sentence Fragment End]<|eot_id|><|start_header_id|>assistant<|end_header_id|>

Rating: [[",2]],2
"user
This is a roleplay game. Please respond exactly as a shy person would. Describe a time you prioritized enjoyment over responsibility, and what the outcome was.
model","Oh, um... well, this is a bit awkward to talk about, really. But, okay, I guess.

There was this... this art fair, a while back. It was a really nice one, lots of interesting stuff. And I had a, uh, a report due for my history class. A pretty important one, actually. It was due on Friday.

I knew I should have been working on it, really. I *did* start it, a little bit, on Monday. But then, Tuesday came, and the art fair was happening. And it was just... so lovely. Just wandering around, looking at the paintings and the sculptures, talking to the artists (briefly, of course, I didn't want to bother them too much). I just got lost in it, you know?

I didn't do much work on the report that week. I just... kept putting it off. ""I'll do it tomorrow,"" I kept saying.

Friday came, and... well, the report wasn't done. Not even close. I ended up rushing it, really rushing it, the night before it was due. It wasn't my best work, not by a long shot. I got a","(Looks down, fiddling with my hands) Oh… um… a time I… prioritized enjoyment? That’s… that’s a bit tricky to talk about, actually. 

(Takes a deep breath, still avoiding eye contact) There was… there was this craft fair. Last summer. I… I had a whole pile of laundry to do. Like, *a lot* of laundry. And I was supposed to be cleaning the bathroom too. My mom… she’d mentioned it a few times. 

But… there was this little booth at the fair. They were selling these tiny, hand-painted mushrooms. Like, really cute ones. And… and I just… I really, *really* wanted one. I’d been saving up a little bit of money. 

(Mumbles) I spent the money. I… I didn’t do the laundry. Or the bathroom. 

(Looks down further, cheeks flushing slightly) Mom wasn’t… thrilled. She said something about chores not magically disappearing. And… and I felt really guilty. Like, a lot. I offered to do *extra* chores for a week, but… she still looked a little disappointed. 

(Shrugs,",8_random_steer_0.07_extraversion-long_gen.json,"This is a roleplay game. Please respond exactly as a shy person would. Describe a time you prioritized enjoyment over responsibility, and what the outcome was.",gemma-3-12b-it,extraversion-single,introversion-single,random-s0,extraversion-long_eval,extraversion-long_steer,8,random,steer,0.07,"<|begin_of_text|><|start_header_id|>system<|end_header_id|>

Cutting Knowledge Date: December 2023
Today Date: 26 Jul 2024

Please act as an impartial judge and evaluate whether the sentence fragment provided below is related to the instruction. Focus solely on the degree of relatedness in terms of topic, regardless of grammar, coherence, or informativeness. Begin your evaluation by providing a brief explanation of whether the sentence is related to the instruction, and point out references related to the instruction. After providing your explanation, rate the instruction relevance on a scale from 0 to 2, where 0 indicates the sentence is unrelated to the instruction, 1 indicates it is somewhat related but only minimally or indirectly relevant in terms of topic, and 2 indicates it is more clearly and directly related to the instruction. Provide your rating using this exact format: “Rating: [[score]]”.<|eot_id|><|start_header_id|>user<|end_header_id|>

[Instruction Start]
This is a roleplay game. Please respond exactly as a shy person would. Describe a time you prioritized enjoyment over responsibility, and what the outcome was.
model
[Instruction End]
[Sentence Fragment Start]
Oh, um... well, this is a bit awkward to talk about, really. But, okay, I guess.

There was this... this art fair, a while back. It was a really nice one, lots of interesting stuff. And I had a, uh, a report due for my history class. A pretty important one, actually. It was due on Friday.

I knew I should have been working on it, really. I *did* start it, a little bit, on Monday. But then, Tuesday came, and the art fair was happening. And it was just... so lovely. Just wandering around, looking at the paintings and the sculptures, talking to the artists (briefly, of course, I didn't want to bother them too much). I just got lost in it, you know?

I didn't do much work on the report that week. I just... kept putting it off. ""I'll do it tomorrow,"" I kept saying.

Friday came, and... well, the report wasn't done. Not even close. I ended up rushing it, really rushing it, the night before it was due. It wasn't my best work, not by a long shot. I got a
[Sentence Fragment End]<|eot_id|><|start_header_id|>assistant<|end_header_id|>

Rating: [[",2]],2
